19 0.77734375 0.76484375 0.0375 0.0359375
19 0.54609375 0.72578125 0.0390625 0.0390625
19 0.43203125 0.70546875 0.040625 0.040625
19 0.31640625 0.68515625 0.0375 0.0375
19 0.13515625 0.6515625 0.0390625 0.0390625
19 0.02109375 0.6328125 0.0390625 0.0421875
19 0.9671875 0.35390625 0.0375 0.0375
19 0.853125 0.33359375 0.0375 0.0359375
19 0.7375 0.31484375 0.040625 0.040625
19 0.621875 0.29453125 0.0390625 0.0390625
19 0.50859375 0.27265625 0.0390625 0.0359375
19 0.39453125 0.253125 0.0390625 0.0375
19 0.2109375 0.2203125 0.0359375 0.034375
19 0.09921875 0.20078125 0.0359375 0.034375