19 0.2875 0.18125 0.03125 0.0328125
19 0.2859375 0.415625 0.0328125 0.034375
19 0.2859375 0.53125 0.034375 0.0359375
19 0.2859375 0.6484375 0.0328125 0.0328125
19 0.2875 0.8328125 0.034375 0.034375
19 0.2859375 0.9484375 0.0375 0.0328125
19 0.725 0.065625 0.0328125 0.0328125
19 0.725 0.18125 0.03125 0.0328125
19 0.7234375 0.2984375 0.034375 0.0359375
19 0.7234375 0.415625 0.0328125 0.034375
19 0.725 0.53125 0.0296875 0.034375
19 0.725 0.646875 0.03125 0.034375
19 0.725 0.8328125 0.0296875 0.03125
19 0.725 0.946875 0.0296875 0.03125