5 0.85625 0.515625 0.021875 0.0171875
14 0.8234375 0.290625 0.01875 0.01875
14 0.709375 0.3171875 0.01875 0.01875
14 0.62265625 0.33671875 0.01875 0.01875
14 0.50859375 0.36328125 0.01875 0.01875
14 0.4078125 0.38671875 0.01875 0.01875
14 0.29375 0.4125 0.01875 0.01875
14 0.178125 0.43984375 0.01875 0.01875
14 0.0640625 0.465625 0.01875 0.01875
1 0.8609375 0.5546875 0.028125 0.0375
9 0.9015625 0.4328125 0.01875 0.028125
9 0.83515625 0.44375 0.01875 0.028125
9 0.72109375 0.46953125 0.01875 0.028125
9 0.63359375 0.48984375 0.01875 0.028125
9 0.51953125 0.51640625 0.01875 0.028125
9 0.41953125 0.53984375 0.01875 0.028125
9 0.30546875 0.565625 0.0203125 0.0296875
9 0.1890625 0.5921875 0.01875 0.028125
9 0.0734375 0.61953125 0.01875 0.028125