5 0.85078125 0.56484375 0.0203125 0.015625
14 0.85 0.3375 0.0171875 0.0171875
14 0.7328125 0.34765625 0.0171875 0.0171875
14 0.64453125 0.35546875 0.0171875 0.0171875
14 0.52734375 0.365625 0.0171875 0.0171875
14 0.425 0.375 0.0171875 0.0171875
14 0.3078125 0.38515625 0.0171875 0.0171875
14 0.18984375 0.3953125 0.0171875 0.0171875
14 0.07265625 0.40546875 0.0171875 0.0171875
1 0.84921875 0.6046875 0.0234375 0.0359375
9 0.90703125 0.48984375 0.015625 0.0265625
9 0.83984375 0.490625 0.015625 0.0265625
9 0.72265625 0.50078125 0.015625 0.0265625
9 0.634375 0.50859375 0.015625 0.0265625
9 0.5171875 0.51875 0.015625 0.0265625
9 0.41484375 0.528125 0.015625 0.0265625
9 0.29765625 0.53828125 0.015625 0.028125
9 0.1796875 0.5484375 0.015625 0.0265625
9 0.0609375 0.55859375 0.015625 0.0265625