5 0.15625 0.4046875 0.01875 0.0140625
14 0.1375 0.63125 0.015625 0.015625
14 0.2546875 0.63125 0.015625 0.015625
14 0.34375 0.63125 0.015625 0.015625
14 0.4609375 0.63125 0.015625 0.015625
14 0.5640625 0.63125 0.015625 0.015625
14 0.68125 0.63125 0.015625 0.015625
14 0.8 0.63125 0.015625 0.015625
14 0.9171875 0.63125 0.015625 0.015625
1 0.1609375 0.365625 0.0203125 0.034375
9 0.09375 0.475 0.0140625 0.025
9 0.1609375 0.4796875 0.0140625 0.025
9 0.278125 0.4796875 0.0140625 0.025
9 0.3671875 0.4796875 0.0140625 0.025
9 0.484375 0.4796875 0.0140625 0.025
9 0.5875 0.4796875 0.0140625 0.025
9 0.7046875 0.4796875 0.0140625 0.0265625
9 0.8234375 0.4796875 0.0140625 0.025
9 0.9421875 0.4796875 0.0140625 0.025