5 0.1859375 0.3859375 0.0234375 0.0203125
18 0.215625 0.515625 0.009375 0.0109375
18 0.225 0.515625 0.009375 0.0109375
18 0.234375 0.515625 0.009375 0.0109375
18 0.3375 0.515625 0.009375 0.0109375
18 0.346875 0.515625 0.009375 0.0109375
18 0.35625 0.515625 0.009375 0.0109375
18 0.475 0.515625 0.009375 0.0109375
18 0.484375 0.515625 0.009375 0.0109375
18 0.49375 0.515625 0.009375 0.0109375
18 0.584375 0.515625 0.009375 0.0109375
18 0.59375 0.515625 0.009375 0.0109375
18 0.603125 0.515625 0.009375 0.0109375
18 0.7203125 0.515625 0.009375 0.009375
18 0.7296875 0.515625 0.009375 0.009375
18 0.7390625 0.515625 0.009375 0.0109375
18 0.8640625 0.515625 0.009375 0.009375
18 0.8734375 0.515625 0.009375 0.0109375
18 0.8828125 0.515625 0.009375 0.0109375
14 0.6640625 0.65625 0.0046875 0.00625
14 0.671875 0.65625 0.00625 0.00625
14 0.66875 0.6640625 0.00625 0.0046875
14 0.80625 0.65625 0.00625 0.00625
14 0.815625 0.65625 0.00625 0.00625
14 0.8109375 0.6640625 0.00625 0.0046875
14 0.5328125 0.6578125 0.01875 0.0171875
14 0.421875 0.6578125 0.01875 0.01875
14 0.2859375 0.6578125 0.01875 0.0171875
14 0.1625 0.6578125 0.01875 0.0171875
6 0.125 0.5859375 0.015625 0.009375
6 0.140625 0.6796875 0.0125 0.0078125
6 0.2640625 0.6796875 0.0125 0.0078125
6 0.4 0.6796875 0.0109375 0.0078125
6 0.5109375 0.6796875 0.0125 0.0078125
6 0.646875 0.6796875 0.0109375 0.0078125
6 0.790625 0.6796875 0.0125 0.0078125