5 0.56328125 0.828125 0.0234375 0.0265625
18 0.43984375 0.778125 0.0125 0.0109375
18 0.44140625 0.76953125 0.0125 0.0109375
18 0.44296875 0.76015625 0.0125 0.0109375
18 0.459375 0.6578125 0.0125 0.0109375
18 0.4609375 0.6484375 0.0125 0.0109375
18 0.46171875 0.63984375 0.0125 0.0109375
18 0.48046875 0.521875 0.0125 0.0109375
18 0.48203125 0.51328125 0.0125 0.0109375
18 0.48359375 0.50390625 0.0125 0.0109375
18 0.49765625 0.4140625 0.0125 0.0109375
18 0.49921875 0.4046875 0.0125 0.0109375
18 0.50078125 0.3953125 0.0125 0.0109375
18 0.51875 0.2796875 0.0109375 0.0109375
18 0.5203125 0.2703125 0.0109375 0.0109375
18 0.521875 0.26171875 0.0125 0.0109375
18 0.54140625 0.13828125 0.0109375 0.0109375
18 0.54296875 0.12890625 0.0125 0.0109375
18 0.54453125 0.11953125 0.0125 0.0109375
14 0.37109375 0.31328125 0.00625 0.00625
14 0.37265625 0.30546875 0.0078125 0.0078125
14 0.3640625 0.3078125 0.00625 0.00625
14 0.39375 0.1734375 0.0078125 0.0078125
14 0.3953125 0.1640625 0.0078125 0.0078125
14 0.38671875 0.1671875 0.00625 0.00625
14 0.34921875 0.44296875 0.0203125 0.021875
14 0.33203125 0.55234375 0.021875 0.021875
14 0.3109375 0.68671875 0.0203125 0.021875
14 0.29140625 0.80859375 0.0203125 0.021875
6 0.35625 0.85703125 0.0109375 0.0171875
6 0.26640625 0.8265625 0.009375 0.0140625
6 0.2859375 0.7046875 0.009375 0.0140625
6 0.30703125 0.5703125 0.009375 0.0125
6 0.32421875 0.4609375 0.009375 0.0140625
6 0.3453125 0.3265625 0.009375 0.0125
6 0.36796875 0.18515625 0.009375 0.0140625