5 0.78359375 0.6765625 0.0265625 0.025
18 0.78125 0.54375 0.0109375 0.0125
18 0.771875 0.5421875 0.0109375 0.0125
18 0.76328125 0.53984375 0.0109375 0.0125
18 0.6625 0.51875 0.0109375 0.0125
18 0.653125 0.51640625 0.0109375 0.0125
18 0.64375 0.51484375 0.0109375 0.0125
18 0.52734375 0.48984375 0.0109375 0.0125
18 0.51875 0.48828125 0.0109375 0.0125
18 0.509375 0.4859375 0.0109375 0.0125
18 0.42109375 0.4671875 0.0109375 0.0125
18 0.41171875 0.46484375 0.0109375 0.0125
18 0.40234375 0.46328125 0.0109375 0.0125
18 0.2875 0.4390625 0.0109375 0.0109375
18 0.27890625 0.43671875 0.0109375 0.0109375
18 0.26953125 0.43515625 0.0109375 0.0125
18 0.146875 0.409375 0.0109375 0.0109375
18 0.13828125 0.40703125 0.0109375 0.0125
18 0.12890625 0.40546875 0.0109375 0.0125
14 0.371875 0.31328125 0.00625 0.0078125
14 0.3640625 0.31171875 0.0078125 0.0078125
14 0.36875 0.3046875 0.0078125 0.00625
14 0.2328125 0.28359375 0.0078125 0.0078125
14 0.2234375 0.28125 0.0078125 0.0078125
14 0.2296875 0.275 0.0078125 0.00625
14 0.50078125 0.3390625 0.021875 0.0203125
14 0.609375 0.36171875 0.021875 0.021875
14 0.7421875 0.38984375 0.021875 0.0203125
14 0.86328125 0.415625 0.021875 0.0203125
6 0.884375 0.49375 0.0171875 0.0125
6 0.8890625 0.39921875 0.0140625 0.0109375
6 0.76796875 0.3734375 0.0140625 0.0109375
6 0.63515625 0.3453125 0.0125 0.009375
6 0.5265625 0.321875 0.0140625 0.0109375
6 0.39375 0.29375 0.0125 0.009375
6 0.253125 0.2640625 0.0140625 0.0109375