13 0.84296875 0.31484375 0.040625 0.0375
18 0.8515625 0.3640625 0.0234375 0.0234375
13 0.759375 0.1796875 0.0359375 0.04375
9 0.5625 0.21328125 0.0609375 0.0390625
9 0.57890625 0.334375 0.0625 0.040625
9 0.59765625 0.4515625 0.0609375 0.0453125
9 0.61484375 0.57578125 0.065625 0.040625
9 0.58828125 0.43359375 0.0015625 0.003125
9 0.571875 0.84453125 0.059375 0.04375
14 0.25 0.40546875 0.04375 0.0390625
14 0.103125 0.428125 0.0421875 0.040625
9 0.24140625 0.3 0.040625 0.0578125
9 0.09765625 0.31953125 0.0375 0.05625