9 0.10703125 0.25859375 0.0484375 0.028125
12 0.1515625 0.3109375 0.015625 0.0328125
13 0.153125 0.3921875 0.0328125 0.0265625
12 0.3015625 0.3234375 0.015625 0.03125
9 0.4046875 0.253125 0.0484375 0.0265625
9 0.40703125 0.3703125 0.0484375 0.0265625
9 0.409375 0.4890625 0.0484375 0.0265625
9 0.4109375 0.60625 0.0484375 0.0265625
14 0.7375 0.39140625 0.034375 0.028125
14 0.8796875 0.3890625 0.034375 0.034375
9 0.86953125 0.2859375 0.03125 0.046875
9 0.72734375 0.28671875 0.028125 0.0484375
9 0.4921875 0.85625 0.0484375 0.0265625