13 0.3640625 0.134375 0.0328125 0.0359375
18 0.4140625 0.1328125 0.0203125 0.0203125
13 0.21875 0.1984375 0.0390625 0.03125
9 0.225 0.3984375 0.03125 0.0578125
9 0.346875 0.3984375 0.0328125 0.0578125
9 0.465625 0.396875 0.0375 0.05625
9 0.590625 0.396875 0.0328125 0.0609375
9 0.446875 0.403125 0.003125 0.0015625
9 0.8515625 0.4765625 0.0359375 0.0546875
14 0.371875 0.734375 0.034375 0.0390625
14 0.3734375 0.8828125 0.0359375 0.0375
9 0.265625 0.728125 0.053125 0.0328125
9 0.265625 0.8734375 0.053125 0.0296875