9 0.8390625 0.26640625 0.025 0.0375
14 0.83671875 0.33984375 0.0328125 0.03125
5 0.71484375 0.371875 0.0171875 0.0203125
2 0.5671875 0.390625 0.0171875 0.01875
9 0.87265625 0.67578125 0.0359375 0.025
9 0.8765625 0.73515625 0.0328125 0.021875
9 0.88125 0.79609375 0.034375 0.0203125
5 0.821875 0.6859375 0.01875 0.0171875
5 0.82578125 0.7453125 0.0171875 0.01875
5 0.83125 0.80390625 0.01875 0.0171875
19 0.784375 0.68984375 0.028125 0.0203125
19 0.78828125 0.74921875 0.028125 0.0203125
19 0.7921875 0.80859375 0.028125 0.021875
19 0.32421875 0.74375 0.0265625 0.0203125
19 0.32890625 0.8046875 0.0234375 0.01875
19 0.3328125 0.8625 0.025 0.021875
5 0.36171875 0.74140625 0.0203125 0.01875
5 0.3671875 0.80078125 0.01875 0.0171875
5 0.3703125 0.86171875 0.0171875 0.0171875
9 0.42109375 0.8515625 0.034375 0.021875
9 0.4171875 0.790625 0.0359375 0.025
9 0.4109375 0.73203125 0.0328125 0.021875
1 0.70546875 0.29921875 0.025 0.040625