13 0.87578125 0.60390625 0.0390625 0.0359375
18 0.8734375 0.55390625 0.021875 0.021875
13 0.825 0.75390625 0.034375 0.0421875
9 0.625 0.76484375 0.0609375 0.0359375
9 0.61484375 0.64375 0.0609375 0.0375
9 0.60546875 0.525 0.059375 0.0421875
9 0.59453125 0.40078125 0.0640625 0.0375
9 0.60078125 0.54453125 0.0015625 0.003125
9 0.49296875 0.14765625 0.0578125 0.040625
14 0.27734375 0.6484375 0.0421875 0.0375
14 0.1296875 0.659375 0.040625 0.0390625
9 0.29296875 0.753125 0.0375 0.05625
9 0.1484375 0.76640625 0.034375 0.05625