4 0.8578125 0.5875 0.0078125 0.0078125
4 0.84921875 0.58515625 0.009375 0.009375
7 0.7734375 0.66796875 0.0125 0.01875
12 0.74609375 0.559375 0.0234375 0.015625
10 0.621875 0.52890625 0.0375 0.05625
11 0.53671875 0.45625 0.0296875 0.0375
13 0.54765625 0.38125 0.01875 0.0140625
3 0.3984375 0.4734375 0.0328125 0.0234375
5 0.34140625 0.45859375 0.0234375 0.0234375
7 0.2765625 0.54375 0.0125 0.01875
16 0.14296875 0.409375 0.1078125 0.0796875
6 0.7609375 0.71796875 0.0203125 0.0140625
6 0.2640625 0.59375 0.021875 0.015625
6 0.31015625 0.4015625 0.0140625 0.0203125
6 0.0796875 0.52109375 0.015625 0.021875
6 0.0703125 0.471875 0.015625 0.021875