4 0.5015625 0.13125 0.00625 0.00625
4 0.5015625 0.140625 0.0078125 0.0078125
7 0.403125 0.19375 0.0171875 0.009375
12 0.5015625 0.246875 0.0109375 0.021875
10 0.5015625 0.375 0.0515625 0.0265625
11 0.5515625 0.475 0.0328125 0.021875
13 0.6265625 0.4828125 0.0109375 0.0171875
3 0.5015625 0.6046875 0.0171875 0.0296875
5 0.5015625 0.6640625 0.01875 0.01875
7 0.403125 0.70625 0.0171875 0.009375
16 0.5015625 0.86875 0.0578125 0.096875
6 0.3515625 0.19375 0.009375 0.01875
6 0.3515625 0.70625 0.0109375 0.0203125
6 0.55 0.7078125 0.01875 0.009375
6 0.378125 0.903125 0.0203125 0.0109375
6 0.4234375 0.9234375 0.0203125 0.0109375