9 0.1453125 0.290625 0.021875 0.0359375
14 0.153125 0.3640625 0.03125 0.0296875
5 0.2765625 0.3875 0.015625 0.01875
2 0.425 0.3953125 0.015625 0.0171875
9 0.140625 0.7015625 0.034375 0.021875
9 0.140625 0.7609375 0.03125 0.0203125
9 0.140625 0.821875 0.0328125 0.01875
5 0.1921875 0.7078125 0.0171875 0.015625
5 0.1921875 0.7671875 0.015625 0.0171875
5 0.190625 0.8265625 0.0171875 0.015625
19 0.2296875 0.709375 0.0265625 0.01875
19 0.2296875 0.76875 0.0265625 0.01875
19 0.2296875 0.828125 0.0265625 0.0203125
19 0.6921875 0.73125 0.025 0.01875
19 0.6921875 0.7921875 0.021875 0.0171875
19 0.6921875 0.85 0.0234375 0.0203125
5 0.6546875 0.73125 0.01875 0.0171875
5 0.653125 0.790625 0.0171875 0.015625
5 0.6546875 0.8515625 0.015625 0.015625
9 0.603125 0.8453125 0.0328125 0.0203125
9 0.603125 0.784375 0.034375 0.021875
9 0.6046875 0.725 0.03125 0.0203125
1 0.28125 0.3140625 0.021875 0.0390625