9 0.2515625 0.1109375 0.0265625 0.0484375
12 0.3046875 0.1546875 0.0328125 0.015625
13 0.3859375 0.1546875 0.0265625 0.0328125
12 0.3203125 0.3046875 0.03125 0.015625
9 0.2515625 0.409375 0.025 0.0484375
9 0.36875 0.409375 0.025 0.0484375
9 0.4875 0.409375 0.025 0.0484375
9 0.6046875 0.409375 0.025 0.0484375
14 0.3953125 0.7390625 0.028125 0.034375
14 0.3953125 0.88125 0.034375 0.034375
9 0.2921875 0.8734375 0.046875 0.0296875
9 0.290625 0.73125 0.0484375 0.0265625
9 0.85625 0.4859375 0.025 0.0484375