9 0.646875 0.0625 0.0375 0.053125
12 0.60625 0.11796875 0.0359375 0.0234375
13 0.52734375 0.1375 0.034375 0.0375
12 0.62734375 0.2671875 0.034375 0.0234375
9 0.71875 0.35234375 0.0359375 0.053125
9 0.60546875 0.38046875 0.0359375 0.053125
9 0.48984375 0.409375 0.0359375 0.053125
9 0.3765625 0.4375 0.0359375 0.053125
14 0.659375 0.70625 0.0359375 0.040625
14 0.69375 0.84453125 0.0421875 0.0421875
9 0.7921875 0.81171875 0.053125 0.040625
9 0.759375 0.6734375 0.053125 0.0375
9 0.15078125 0.57265625 0.0359375 0.053125