4 0.13125 0.5109375 0.00625 0.00625
4 0.140625 0.5109375 0.0078125 0.0078125
7 0.19765625 0.6078125 0.009375 0.0171875
12 0.246875 0.50703125 0.021875 0.0109375
10 0.375 0.503125 0.028125 0.053125
11 0.4734375 0.44921875 0.0234375 0.0328125
13 0.478125 0.37421875 0.0171875 0.0109375
3 0.6046875 0.49453125 0.0296875 0.01875
5 0.6640625 0.49296875 0.01875 0.01875
7 0.709375 0.58984375 0.009375 0.0171875
16 0.86875 0.4859375 0.0984375 0.0609375
6 0.19921875 0.659375 0.01875 0.009375
6 0.7109375 0.64140625 0.0203125 0.0109375
6 0.70625 0.44296875 0.009375 0.01875
6 0.90703125 0.6078125 0.0109375 0.0203125
6 0.92578125 0.56171875 0.0109375 0.0203125