9 0.284375 0.14921875 0.0359375 0.021875
14 0.3578125 0.15546875 0.0296875 0.03125
5 0.38359375 0.27890625 0.01875 0.015625
2 0.39375 0.4265625 0.0171875 0.015625
9 0.6953125 0.1375 0.021875 0.034375
9 0.7546875 0.1359375 0.0203125 0.03125
9 0.815625 0.13515625 0.01875 0.0328125
5 0.70234375 0.18828125 0.015625 0.0171875
5 0.76171875 0.1875 0.0171875 0.015625
5 0.82109375 0.18515625 0.015625 0.0171875
19 0.7046875 0.22578125 0.01875 0.0265625
19 0.7640625 0.225 0.01875 0.0265625
19 0.8234375 0.22421875 0.0203125 0.0265625
19 0.734375 0.68828125 0.01875 0.025
19 0.7953125 0.68671875 0.0171875 0.021875
19 0.853125 0.6859375 0.0203125 0.0234375
5 0.73359375 0.65078125 0.0171875 0.01875
5 0.79296875 0.64765625 0.015625 0.0171875
5 0.85390625 0.6484375 0.015625 0.015625
9 0.846875 0.596875 0.0203125 0.0328125
9 0.7859375 0.5984375 0.021875 0.034375
9 0.7265625 0.60078125 0.0203125 0.03125
1 0.31015625 0.284375 0.0390625 0.021875