4 0.91171875 0.46875 0.009375 0.009375
4 0.90078125 0.4703125 0.009375 0.0109375
7 0.86484375 0.5921875 0.0140625 0.0203125
12 0.7828125 0.49375 0.0265625 0.015625
10 0.63984375 0.5265625 0.040625 0.0625
11 0.51640625 0.49375 0.03125 0.040625
13 0.490625 0.4109375 0.0203125 0.0140625
3 0.3859375 0.58046875 0.0359375 0.0265625
5 0.31875 0.59453125 0.0234375 0.0234375
7 0.29453125 0.71328125 0.015625 0.021875
16 0.09375 0.6421875 0.1203125 0.0859375
6 0.8765625 0.65 0.0234375 0.0171875
6 0.30703125 0.77109375 0.025 0.0171875
6 0.2578125 0.55 0.0171875 0.021875
6 0.08359375 0.78671875 0.0171875 0.0265625
6 0.05 0.74296875 0.015625 0.0234375