11 0.1765625 0.38125 0.03125 0.0203125
13 0.265625 0.3875 0.0171875 0.0203125
12 0.371875 0.3875 0.015625 0.0078125
3 0.1109375 0.459375 0.01875 0.0328125
5 0.109375 0.5703125 0.0140625 0.0140625
11 0.115625 0.6578125 0.01875 0.03125
16 0.1109375 0.728125 0.04375 0.071875
10 0.5421875 0.328125 0.0640625 0.0328125
4 0.7796875 0.2671875 0.0125 0.0078125
4 0.834375 0.2671875 0.0125 0.00625
7 0.88125 0.5171875 0.0125 0.0265625
11 0.7609375 0.6578125 0.01875 0.03125
16 0.7546875 0.728125 0.04375 0.071875
6 0.8796875 0.553125 0.015625 0.0140625
6 0.0578125 0.7453125 0.015625 0.0140625
6 0.0578125 0.784375 0.015625 0.0125
6 0.7015625 0.7453125 0.015625 0.0125
6 0.7015625 0.784375 0.015625 0.0140625