11 0.3984375 0.17109375 0.021875 0.0328125
13 0.4 0.26015625 0.021875 0.01875
12 0.39453125 0.36640625 0.009375 0.015625
3 0.4796875 0.109375 0.034375 0.0203125
5 0.590625 0.11328125 0.0140625 0.0140625
11 0.67734375 0.12421875 0.0328125 0.0203125
16 0.7484375 0.1234375 0.0734375 0.046875
10 0.32578125 0.5328125 0.0359375 0.065625
4 0.253125 0.7671875 0.0078125 0.0125
4 0.25 0.821875 0.00625 0.0125
7 0.496875 0.88125 0.0265625 0.0140625
11 0.64375 0.76875 0.0328125 0.0203125
16 0.71484375 0.76640625 0.0734375 0.046875
6 0.5328125 0.88203125 0.015625 0.015625
6 0.76796875 0.07109375 0.015625 0.015625
6 0.80703125 0.0734375 0.0140625 0.015625
6 0.734375 0.7140625 0.0140625 0.015625
6 0.7734375 0.71640625 0.015625 0.015625