4 0.52421875 0.9125 0.009375 0.009375
4 0.52265625 0.9015625 0.0109375 0.009375
7 0.4015625 0.86328125 0.0203125 0.0140625
12 0.50078125 0.7828125 0.015625 0.0265625
10 0.47109375 0.6390625 0.0625 0.040625
11 0.50625 0.51640625 0.040625 0.03125
13 0.5890625 0.4921875 0.0140625 0.0203125
3 0.421875 0.384375 0.0265625 0.0359375
5 0.40859375 0.3171875 0.0234375 0.0234375
7 0.290625 0.290625 0.021875 0.0140625
16 0.36484375 0.09140625 0.084375 0.1203125
6 0.34375 0.87421875 0.0171875 0.0234375
6 0.23203125 0.30234375 0.0171875 0.025
6 0.4546875 0.25703125 0.021875 0.015625
6 0.2203125 0.078125 0.0265625 0.0171875
6 0.265625 0.04609375 0.0234375 0.015625