11 0.60703125 0.17265625 0.021875 0.03125
13 0.60390625 0.26171875 0.0203125 0.0171875
12 0.6078125 0.36796875 0.0078125 0.015625
3 0.52734375 0.109375 0.0328125 0.0203125
5 0.41640625 0.11171875 0.0140625 0.0140625
11 0.32890625 0.12109375 0.03125 0.0203125
16 0.25859375 0.11875 0.0734375 0.046875
10 0.6734375 0.5359375 0.034375 0.065625
4 0.7421875 0.77109375 0.0078125 0.0125
4 0.74453125 0.82578125 0.00625 0.0125
7 0.49609375 0.88125 0.0265625 0.0140625
11 0.3515625 0.76640625 0.03125 0.0203125
16 0.28125 0.7625 0.0734375 0.046875
6 0.46015625 0.88125 0.0140625 0.015625
6 0.2390625 0.06640625 0.0140625 0.015625
6 0.2 0.06796875 0.0125 0.015625
6 0.26171875 0.71015625 0.0125 0.015625
6 0.22265625 0.71171875 0.0140625 0.015625