4 0.4453125 0.090625 0.0078125 0.0078125
4 0.4453125 0.1015625 0.009375 0.0078125
7 0.334375 0.1625 0.01875 0.0109375
12 0.446875 0.221875 0.0109375 0.025
10 0.4453125 0.36875 0.0578125 0.0296875
11 0.503125 0.4828125 0.0359375 0.025
13 0.5890625 0.490625 0.0109375 0.01875
3 0.4453125 0.628125 0.0203125 0.0328125
5 0.4453125 0.696875 0.0203125 0.0203125
7 0.334375 0.7453125 0.0203125 0.0109375
16 0.4453125 0.9265625 0.0640625 0.109375
6 0.275 0.1625 0.0125 0.021875
6 0.275 0.7453125 0.0125 0.0234375
6 0.5015625 0.746875 0.0203125 0.0125
6 0.30625 0.9671875 0.025 0.0125
6 0.35625 0.990625 0.021875 0.0109375