9 0.2671875 0.1625 0.0265625 0.04375
12 0.3328125 0.228125 0.0296875 0.01875
13 0.41171875 0.23515625 0.034375 0.0359375
18 0.5859375 0.25 0.0203125 0.0234375
17 0.615625 0.253125 0.04375 0.0453125
9 0.24296875 0.42578125 0.0265625 0.0453125
12 0.309375 0.47421875 0.0296875 0.015625
17 0.59453125 0.49921875 0.0453125 0.04375
0 0.5890625 0.5765625 0.04375 0.0453125
9 0.225 0.6296875 0.0265625 0.0453125
9 0.3265625 0.63828125 0.0296875 0.0453125
9 0.42890625 0.64921875 0.0265625 0.04375
9 0.53203125 0.6578125 0.0265625 0.04375
9 0.6328125 0.6671875 0.0296875 0.0453125
9 0.7359375 0.67578125 0.0265625 0.0453125
0 0.86640625 0.7546875 0.046875 0.046875