9 0.1796875 0.4125 0.0171875 0.0265625
9 0.29765625 0.4 0.015625 0.025
9 0.41484375 0.38984375 0.0171875 0.0265625
9 0.5328125 0.37734375 0.0203125 0.028125
9 0.64921875 0.36484375 0.0171875 0.0296875
9 0.765625 0.35390625 0.0171875 0.0265625
19 0.5421875 0.5 0.021875 0.0203125
19 0.659375 0.48828125 0.01875 0.0203125
19 0.77578125 0.47578125 0.021875 0.025
14 0.73828125 0.56953125 0.0390625 0.0328125
14 0.621875 0.58125 0.0359375 0.034375
14 0.50390625 0.59375 0.0375 0.0328125
19 0.20390625 0.67578125 0.0203125 0.01875
19 0.32265625 0.66484375 0.021875 0.021875
19 0.440625 0.65234375 0.01875 0.0203125