9 0.64140625 0.2 0.0265625 0.015625
9 0.63359375 0.31796875 0.025 0.0140625
9 0.6234375 0.43515625 0.0265625 0.015625
9 0.615625 0.553125 0.028125 0.01875
9 0.60703125 0.6703125 0.0296875 0.015625
9 0.59765625 0.7875 0.0265625 0.015625
19 0.4921875 0.54140625 0.0203125 0.021875
19 0.484375 0.65859375 0.0203125 0.01875
19 0.47578125 0.77578125 0.025 0.021875
14 0.390625 0.72265625 0.0328125 0.0375
14 0.3984375 0.60546875 0.0328125 0.034375
14 0.40703125 0.4875 0.03125 0.0359375
19 0.378125 0.178125 0.01875 0.0203125
19 0.36875 0.296875 0.021875 0.021875
19 0.36015625 0.41484375 0.0203125 0.01875