9 0.1984375 0.77734375 0.04375 0.025
12 0.25390625 0.70390625 0.0171875 0.028125
13 0.25 0.62421875 0.034375 0.0328125
18 0.240625 0.44921875 0.0234375 0.0203125
17 0.2390625 0.41953125 0.04375 0.0421875
9 0.4625 0.76484375 0.0453125 0.025
12 0.50078125 0.6921875 0.0140625 0.028125
17 0.4859375 0.40703125 0.0421875 0.04375
0 0.56328125 0.4015625 0.04375 0.0421875
9 0.66640625 0.75390625 0.0453125 0.025
9 0.66171875 0.65234375 0.0453125 0.028125
9 0.6578125 0.55 0.04375 0.025
9 0.65234375 0.446875 0.04375 0.025
9 0.646875 0.3453125 0.0453125 0.028125
9 0.64140625 0.2421875 0.0453125 0.025
0 0.7015625 0.1015625 0.0453125 0.0453125