11 0.58515625 0.0625 0.0359375 0.053125
5 0.4671875 0.6765625 0.01875 0.0171875
7 0.6359375 0.771875 0.0328125 0.021875
19 0.5296875 0.83515625 0.0234375 0.0203125
19 0.52109375 0.884375 0.0234375 0.0203125
19 0.5125 0.93203125 0.0234375 0.0203125
19 0.50390625 0.9828125 0.0234375 0.0203125
14 0.27734375 0.53203125 0.0265625 0.025
14 0.3046875 0.53671875 0.0265625 0.0234375
14 0.33203125 0.5421875 0.0265625 0.025
6 0.4328125 0.2421875 0.0265625 0.0203125
6 0.4171875 0.3234375 0.0265625 0.0203125
6 0.71171875 0.78515625 0.01875 0.025