9 0.190625 0.3796875 0.0140625 0.025
9 0.309375 0.3796875 0.0125 0.0234375
9 0.4265625 0.38125 0.0140625 0.025
9 0.5453125 0.38125 0.0171875 0.0265625
9 0.6625 0.38125 0.0140625 0.028125
9 0.7796875 0.3828125 0.0140625 0.025
19 0.5421875 0.5046875 0.0203125 0.01875
19 0.659375 0.5046875 0.0171875 0.01875
19 0.7765625 0.5046875 0.0203125 0.0234375
14 0.7296875 0.59375 0.0359375 0.0296875
14 0.6125 0.59375 0.0328125 0.03125
14 0.49375 0.59375 0.034375 0.0296875
19 0.1875 0.64375 0.01875 0.0171875
19 0.30625 0.6453125 0.0203125 0.0203125
19 0.425 0.6453125 0.0171875 0.01875