12 0.5296875 0.171875 0.021875 0.009375
13 0.5734375 0.171875 0.015625 0.0203125
1 0.4890625 0.2234375 0.015625 0.0234375
5 0.484375 0.3265625 0.0171875 0.0171875
9 0.3671875 0.3484375 0.01875 0.0109375
9 0.10625 0.528125 0.0140625 0.0234375
9 0.309375 0.528125 0.0171875 0.021875
9 0.5015625 0.528125 0.0171875 0.0234375
9 0.6921875 0.528125 0.0171875 0.0234375
9 0.896875 0.528125 0.0171875 0.0265625
15 0.3046875 0.6390625 0.0203125 0.0421875
15 0.0984375 0.6390625 0.0203125 0.0453125
15 0.4953125 0.6375 0.0203125 0.0453125
15 0.6875 0.6390625 0.0203125 0.0421875
15 0.8890625 0.634375 0.01875 0.0421875
6 0.2375 0.35 0.0109375 0.01875