11 0.9453125 0.5078125 0.05 0.0296875
5 0.3203125 0.4953125 0.0140625 0.0171875
7 0.2625 0.31015625 0.01875 0.0296875
19 0.178125 0.4015625 0.0171875 0.0203125
19 0.128125 0.39921875 0.0171875 0.0203125
19 0.0796875 0.39765625 0.0171875 0.0203125
19 0.028125 0.39609375 0.0171875 0.0203125
14 0.421875 0.71171875 0.0234375 0.0234375
14 0.4234375 0.68359375 0.021875 0.0234375
14 0.42421875 0.65546875 0.0234375 0.0234375
6 0.73828125 0.61953125 0.01875 0.0234375
6 0.65546875 0.61796875 0.01875 0.0234375
6 0.265625 0.23359375 0.021875 0.015625