11 0.5078125 0.0546875 0.028125 0.0484375
5 0.4984375 0.6796875 0.0171875 0.0140625
7 0.68125 0.74375 0.0296875 0.0171875
19 0.5875 0.825 0.0203125 0.0171875
19 0.5875 0.875 0.0203125 0.0171875
19 0.5875 0.9234375 0.0203125 0.0171875
19 0.5875 0.975 0.0203125 0.0171875
14 0.2859375 0.5703125 0.0234375 0.021875
14 0.3140625 0.5703125 0.0234375 0.0203125
14 0.3421875 0.5703125 0.0234375 0.021875
6 0.3890625 0.2578125 0.0234375 0.0171875
6 0.3875 0.340625 0.0234375 0.0171875
6 0.7578125 0.74375 0.015625 0.021875