9 0.2390625 0.184375 0.0234375 0.0421875
12 0.309375 0.24375 0.028125 0.015625
13 0.3890625 0.24375 0.03125 0.0328125
18 0.5640625 0.24375 0.01875 0.021875
17 0.59375 0.24375 0.040625 0.0421875
9 0.2375 0.4484375 0.0234375 0.04375
12 0.3078125 0.490625 0.028125 0.0125
17 0.59375 0.490625 0.0421875 0.040625
0 0.5953125 0.56875 0.040625 0.0421875
9 0.2375 0.653125 0.0234375 0.04375
9 0.3390625 0.653125 0.0265625 0.04375
9 0.4421875 0.6546875 0.0234375 0.0421875
9 0.5453125 0.6546875 0.0234375 0.0421875
9 0.646875 0.6546875 0.0265625 0.04375
9 0.75 0.6546875 0.0234375 0.04375
0 0.8875 0.721875 0.04375 0.04375