12 0.828125 0.471875 0.0125 0.0234375
13 0.8359375 0.515625 0.0234375 0.01875
1 0.7703125 0.44140625 0.0265625 0.01875
5 0.66796875 0.4546875 0.0203125 0.0203125
9 0.6265625 0.34296875 0.0140625 0.0203125
9 0.40390625 0.1171875 0.025 0.0171875
9 0.4390625 0.3171875 0.025 0.0203125
9 0.47265625 0.50625 0.0265625 0.0203125
9 0.50546875 0.69453125 0.0265625 0.0203125
9 0.54140625 0.89609375 0.0296875 0.021875
15 0.32890625 0.33203125 0.0453125 0.0265625
15 0.29296875 0.12890625 0.0484375 0.028125
15 0.3640625 0.51953125 0.0484375 0.028125
15 0.3953125 0.70859375 0.0453125 0.0265625
15 0.43515625 0.90625 0.0453125 0.0265625
6 0.60234375 0.215625 0.0203125 0.0140625