12 0.17578125 0.5578125 0.0109375 0.021875
13 0.1796875 0.6015625 0.021875 0.0171875
1 0.2234375 0.51328125 0.025 0.0171875
5 0.32578125 0.49921875 0.01875 0.01875
9 0.3375 0.38125 0.0125 0.0203125
9 0.49375 0.10546875 0.025 0.015625
9 0.51171875 0.3078125 0.0234375 0.01875
9 0.528125 0.49921875 0.025 0.01875
9 0.54453125 0.6890625 0.025 0.01875
9 0.5625 0.89296875 0.028125 0.01875
15 0.621875 0.29296875 0.04375 0.0234375
15 0.60390625 0.0875 0.046875 0.0234375
15 0.63671875 0.48359375 0.046875 0.0234375
15 0.6546875 0.675 0.04375 0.0234375
15 0.66796875 0.87578125 0.04375 0.021875
6 0.32734375 0.2515625 0.0203125 0.0125