9 0.2328125 0.5546875 0.040625 0.0265625
5 0.31484375 0.4078125 0.0203125 0.01875
9 0.68125 0.4984375 0.0265625 0.040625
9 0.74140625 0.48984375 0.0265625 0.040625
9 0.803125 0.48125 0.028125 0.040625
9 0.8640625 0.47265625 0.0296875 0.040625
9 0.92578125 0.4640625 0.028125 0.040625
5 0.6796875 0.44453125 0.01875 0.0203125
5 0.740625 0.4359375 0.0171875 0.01875
5 0.80078125 0.428125 0.0171875 0.0171875
5 0.8640625 0.4203125 0.01875 0.0203125
5 0.925 0.41171875 0.01875 0.01875
19 0.67421875 0.40625 0.0234375 0.0328125
19 0.73515625 0.39765625 0.021875 0.0296875
19 0.796875 0.3890625 0.025 0.03125
19 0.85859375 0.38046875 0.021875 0.0296875
19 0.91875 0.371875 0.025 0.028125
2 0.303125 0.253125 0.0203125 0.01875
1 0.23828125 0.41328125 0.0390625 0.025