11 0.57578125 0.9375 0.0375 0.053125
5 0.48671875 0.31875 0.0171875 0.0171875
19 0.3765625 0.1890625 0.021875 0.01875
19 0.36875 0.13984375 0.0234375 0.021875
19 0.3609375 0.09140625 0.0234375 0.0203125
19 0.31484375 0.05 0.021875 0.0203125
14 0.7140625 0.39453125 0.028125 0.028125
14 0.68671875 0.39921875 0.028125 0.028125
14 0.65859375 0.40390625 0.025 0.028125
1 0.49453125 0.4234375 0.0359375 0.05
16 0.56015625 0.778125 0.15625 0.2265625
9 0.3703125 0.27890625 0.0390625 0.028125
9 0.40859375 0.19140625 0.0390625 0.028125
9 0.40078125 0.140625 0.0390625 0.0265625
9 0.39296875 0.09140625 0.040625 0.0296875
9 0.34609375 0.05 0.040625 0.028125