9 0.4828125 0.228125 0.021875 0.0375
5 0.6171875 0.3296875 0.015625 0.01875
9 0.4765625 0.6796875 0.0375 0.021875
9 0.4765625 0.740625 0.0375 0.021875
9 0.4765625 0.803125 0.0375 0.0234375
9 0.4765625 0.8640625 0.0375 0.025
9 0.4765625 0.9265625 0.0375 0.0234375
5 0.5296875 0.6859375 0.01875 0.015625
5 0.5296875 0.746875 0.0171875 0.015625
5 0.5296875 0.8078125 0.015625 0.015625
5 0.528125 0.871875 0.01875 0.015625
5 0.528125 0.9328125 0.0171875 0.0171875
19 0.56875 0.6859375 0.03125 0.01875
19 0.56875 0.746875 0.028125 0.01875
19 0.56875 0.809375 0.028125 0.021875
19 0.56875 0.871875 0.028125 0.01875
19 0.56875 0.9328125 0.025 0.021875
2 0.771875 0.3390625 0.015625 0.01875
1 0.621875 0.253125 0.0203125 0.0359375