11 0.49375 0.05625 0.0296875 0.0484375
5 0.484375 0.68125 0.015625 0.015625
19 0.5734375 0.8265625 0.0203125 0.015625
19 0.5734375 0.8765625 0.0203125 0.01875
19 0.5734375 0.925 0.0203125 0.0171875
19 0.6125 0.9734375 0.01875 0.0171875
14 0.271875 0.5703125 0.025 0.025
14 0.3 0.5703125 0.025 0.025
14 0.328125 0.5703125 0.021875 0.025
1 0.49375 0.5765625 0.0296875 0.0453125
16 0.484375 0.215625 0.125 0.209375
9 0.59375 0.7390625 0.0359375 0.0234375
9 0.5421875 0.81875 0.0359375 0.0234375
9 0.5421875 0.8703125 0.0359375 0.021875
9 0.5421875 0.9203125 0.0375 0.0234375
9 0.58125 0.96875 0.0375 0.021875