9 0.22890625 0.45859375 0.028125 0.0359375
12 0.24296875 0.50625 0.0171875 0.009375
13 0.2828125 0.51328125 0.021875 0.01875
18 0.32734375 0.52265625 0.0109375 0.0125
17 0.34453125 0.52578125 0.028125 0.028125
9 0.18515625 0.41875 0.0203125 0.015625
2 0.34609375 0.43359375 0.0125 0.0125
0 0.36484375 0.4375 0.028125 0.028125
5 0.23671875 0.40078125 0.01875 0.025
9 0.42890625 0.5328125 0.0234375 0.03125
5 0.434375 0.4859375 0.0140625 0.0203125
9 0.52109375 0.55234375 0.0234375 0.03125
9 0.6140625 0.571875 0.0234375 0.03125
9 0.70546875 0.59140625 0.0234375 0.03125
9 0.79609375 0.6109375 0.025 0.03125
9 0.8875 0.63046875 0.0265625 0.0328125
5 0.80078125 0.5640625 0.015625 0.0203125
5 0.7109375 0.54453125 0.0140625 0.021875
5 0.61796875 0.5234375 0.0125 0.0203125
0 0.65078125 0.54140625 0.0265625 0.0265625
0 0.74296875 0.5609375 0.0265625 0.0265625
0 0.8328125 0.57890625 0.0265625 0.028125
0 0.46640625 0.50078125 0.025 0.025
0 0.559375 0.521875 0.0265625 0.0265625
6 0.0859375 0.38046875 0.0140625 0.0140625