9 0.2265625 0.484375 0.021875 0.0328125
12 0.25 0.440625 0.015625 0.00625
13 0.290625 0.4421875 0.01875 0.015625
18 0.3359375 0.4421875 0.009375 0.0109375
17 0.353125 0.4421875 0.0234375 0.0234375
9 0.175 0.5140625 0.01875 0.0125
2 0.3359375 0.5328125 0.0109375 0.0109375
0 0.3546875 0.5328125 0.0234375 0.0234375
5 0.221875 0.5421875 0.0140625 0.021875
9 0.4375 0.453125 0.01875 0.028125
5 0.4328125 0.5 0.0109375 0.01875
9 0.53125 0.453125 0.0171875 0.028125
9 0.6265625 0.453125 0.01875 0.028125
9 0.7203125 0.453125 0.0171875 0.028125
9 0.8125 0.453125 0.0203125 0.028125
9 0.90625 0.453125 0.0203125 0.0296875
5 0.8078125 0.5 0.0125 0.01875
5 0.715625 0.5 0.009375 0.0203125
5 0.6203125 0.5015625 0.009375 0.01875
0 0.65625 0.490625 0.021875 0.021875
0 0.75 0.490625 0.021875 0.021875
0 0.8421875 0.4921875 0.021875 0.0234375
0 0.4671875 0.4921875 0.021875 0.0203125
0 0.5625 0.490625 0.021875 0.021875
6 0.0703125 0.53125 0.0125 0.0109375