11 0.93515625 0.4140625 0.053125 0.0390625
5 0.32578125 0.553125 0.01875 0.01875
19 0.165625 0.49609375 0.01875 0.0234375
19 0.11640625 0.50625 0.021875 0.0234375
19 0.06875 0.51640625 0.0203125 0.0234375
19 0.01328125 0.48828125 0.0203125 0.021875
14 0.47890625 0.7375 0.0296875 0.0296875
14 0.47265625 0.71015625 0.0296875 0.0296875
14 0.4671875 0.6828125 0.0296875 0.0265625
1 0.4265625 0.521875 0.05 0.0390625
16 0.78125 0.45625 0.23125 0.165625
9 0.246875 0.4578125 0.0296875 0.040625
9 0.1796875 0.525 0.0296875 0.040625
9 0.12890625 0.5359375 0.028125 0.0390625
9 0.08046875 0.54609375 0.03125 0.0421875
9 0.02421875 0.51796875 0.0296875 0.040625