9 0.496875 0.77265625 0.0234375 0.0390625
5 0.62578125 0.6640625 0.0171875 0.0203125
9 0.4671875 0.321875 0.0390625 0.0234375
9 0.4640625 0.2609375 0.0390625 0.0234375
9 0.4609375 0.1984375 0.0390625 0.025
9 0.4578125 0.1375 0.0390625 0.0265625
9 0.45390625 0.075 0.0390625 0.025
5 0.51953125 0.3125 0.0203125 0.0171875
5 0.51640625 0.2515625 0.01875 0.0171875
5 0.51328125 0.19140625 0.0171875 0.0171875
5 0.50859375 0.12734375 0.0203125 0.0171875
5 0.50546875 0.06640625 0.01875 0.01875
19 0.55859375 0.3109375 0.0328125 0.0203125
19 0.55546875 0.25 0.0296875 0.0203125
19 0.55234375 0.1875 0.0296875 0.0234375
19 0.54921875 0.125 0.0296875 0.0203125
19 0.54609375 0.0640625 0.0265625 0.0234375
2 0.7796875 0.646875 0.0171875 0.0203125
1 0.634375 0.73984375 0.021875 0.0375