9 0.7703125 0.54375 0.025 0.034375
12 0.7421875 0.58515625 0.015625 0.0078125
13 0.70234375 0.5796875 0.0203125 0.0171875
18 0.65703125 0.575 0.0109375 0.0125
17 0.63984375 0.57265625 0.025 0.025
9 0.825 0.5203125 0.0203125 0.0140625
2 0.66640625 0.484375 0.0125 0.0125
0 0.64765625 0.4828125 0.025 0.025
5 0.78125 0.4875 0.015625 0.0234375
9 0.55703125 0.553125 0.021875 0.0296875
5 0.5671875 0.50703125 0.0125 0.0203125
9 0.4640625 0.54296875 0.0203125 0.0296875
9 0.36953125 0.53359375 0.021875 0.0296875
9 0.27578125 0.5234375 0.0203125 0.0296875
9 0.184375 0.5140625 0.0234375 0.0296875
9 0.09140625 0.50390625 0.0234375 0.03125
5 0.19375 0.46796875 0.0140625 0.0203125
5 0.2859375 0.47734375 0.0109375 0.021875
5 0.38046875 0.4859375 0.0109375 0.0203125
0 0.34375 0.49296875 0.0234375 0.0234375
0 0.25 0.4828125 0.0234375 0.0234375
0 0.15859375 0.471875 0.0234375 0.025
0 0.53203125 0.5109375 0.0234375 0.021875
0 0.43671875 0.503125 0.0234375 0.0234375
6 0.93046875 0.5140625 0.0140625 0.0125