4 0.1453125 0.1734375 0.01875 0.0140625
9 0.2109375 0.2421875 0.040625 0.021875
12 0.1859375 0.3328125 0.021875 0.0125
13 0.25 0.3328125 0.0421875 0.0265625
9 0.15 0.459375 0.021875 0.0421875
5 0.1453125 0.6046875 0.021875 0.025
9 0.5609375 0.3484375 0.021875 0.0421875
9 0.7453125 0.3484375 0.025 0.0421875
9 0.928125 0.3484375 0.021875 0.0421875
19 0.55625 0.7375 0.028125 0.0203125
19 0.7390625 0.7375 0.0265625 0.021875
19 0.9234375 0.7390625 0.025 0.0234375
6 0.35625 0.246875 0.0140625 0.028125