4 0.2140625 0.88828125 0.0203125 0.0171875
9 0.265625 0.80859375 0.04375 0.0296875
12 0.2234375 0.72421875 0.0234375 0.0171875
13 0.28671875 0.71171875 0.046875 0.034375
9 0.1640625 0.60703125 0.0296875 0.0453125
5 0.13203125 0.46484375 0.0265625 0.028125
9 0.5890625 0.6375 0.0296875 0.0453125
9 0.76953125 0.60234375 0.0328125 0.046875
9 0.94921875 0.5671875 0.0296875 0.0453125
19 0.51015625 0.25625 0.03125 0.025
19 0.6890625 0.22109375 0.0296875 0.0265625
19 0.8703125 0.184375 0.0296875 0.028125
6 0.40703125 0.77578125 0.01875 0.0296875