4 0.8921875 0.78125 0.0203125 0.015625
9 0.81796875 0.7203125 0.04375 0.0265625
12 0.83203125 0.62734375 0.0234375 0.015625
13 0.76875 0.63515625 0.0453125 0.03125
9 0.85234375 0.49765625 0.0265625 0.0453125
5 0.8390625 0.353125 0.025 0.028125
9 0.4578125 0.6578125 0.0265625 0.0453125
9 0.275 0.68046875 0.0296875 0.0453125
9 0.09375 0.70234375 0.0265625 0.0453125
19 0.41484375 0.27109375 0.0296875 0.0234375
19 0.23359375 0.29375 0.0296875 0.025
19 0.05078125 0.3140625 0.028125 0.0265625
6 0.6734375 0.73359375 0.0171875 0.0296875