3 0.446875 0.1828125 0.0171875 0.0390625
7 0.3125 0.2296875 0.03125 0.0140625
5 0.446875 0.253125 0.01875 0.021875
4 0.446875 0.325 0.009375 0.00625
4 0.446875 0.3546875 0.009375 0.0078125
5 0.3890625 0.490625 0.0171875 0.0234375
12 0.553125 0.6796875 0.0171875 0.0125
13 0.6578125 0.6796875 0.0140625 0.0203125
9 0.1671875 0.75625 0.01875 0.0359375
9 0.21875 0.75625 0.01875 0.034375
9 0.271875 0.7578125 0.01875 0.0359375
15 0.1625 0.8734375 0.0109375 0.025
15 0.2140625 0.8734375 0.0109375 0.0234375
15 0.265625 0.8734375 0.0109375 0.0265625
14 0.1609375 0.93125 0.03125 0.03125
14 0.2140625 0.93125 0.03125 0.0296875
14 0.265625 0.93125 0.03125 0.0296875
9 0.403125 0.8234375 0.034375 0.01875
5 0.4484375 0.8796875 0.015625 0.021875
9 0.5765625 0.93125 0.034375 0.0203125
16 0.446875 0.428125 0.05625 0.096875
6 0.26875 0.2296875 0.0125 0.021875
6 0.3859375 0.4359375 0.021875 0.0109375
6 0.3859375 0.5203125 0.021875 0.0109375
6 0.76875 0.9375 0.0109375 0.021875