3 0.525 0.8203125 0.0203125 0.040625
7 0.66328125 0.7859375 0.0328125 0.0171875
5 0.53125 0.75078125 0.0203125 0.0234375
4 0.5375 0.67890625 0.009375 0.0078125
4 0.540625 0.64921875 0.009375 0.009375
5 0.609375 0.51875 0.01875 0.025
12 0.4625 0.31640625 0.01875 0.0140625
13 0.35859375 0.30703125 0.015625 0.021875
9 0.85390625 0.2734375 0.021875 0.0375
9 0.80234375 0.26953125 0.021875 0.0359375
9 0.75 0.26328125 0.021875 0.0375
15 0.86875 0.15703125 0.0125 0.0265625
15 0.8171875 0.153125 0.0125 0.025
15 0.76640625 0.1484375 0.0125 0.028125
14 0.875 0.1 0.034375 0.034375
14 0.82265625 0.0953125 0.034375 0.0328125
14 0.77109375 0.090625 0.034375 0.0328125
9 0.625 0.1859375 0.0359375 0.021875
5 0.584375 0.1265625 0.0171875 0.0234375
9 0.4609375 0.0640625 0.0359375 0.0234375
16 0.546875 0.5765625 0.0640625 0.1015625
6 0.70703125 0.7890625 0.0140625 0.0234375
6 0.6078125 0.5734375 0.0234375 0.0125
6 0.615625 0.48984375 0.0234375 0.0125
6 0.2703125 0.040625 0.0125 0.0234375