19 0.8078125 0.40390625 0.0390625 0.03125
19 0.79375 0.46328125 0.0390625 0.034375
19 0.43984375 0.12734375 0.0390625 0.0328125
19 0.4265625 0.18671875 0.040625 0.0328125
19 0.4125 0.246875 0.040625 0.0328125
19 0.4015625 0.30703125 0.040625 0.03125
19 0.3859375 0.36953125 0.04375 0.0328125
19 0.3703125 0.4296875 0.0390625 0.0328125
19 0.3578125 0.49140625 0.0390625 0.034375
19 0.34375 0.55234375 0.0390625 0.03125
19 0.3296875 0.61328125 0.0390625 0.0328125
19 0.315625 0.67421875 0.040625 0.03125
19 0.3015625 0.73359375 0.0390625 0.0328125
19 0.2875 0.79453125 0.0375 0.0265625
19 0.2734375 0.8546875 0.040625 0.03125
19 0.26015625 0.9140625 0.040625 0.03125