19 0.3828125 0.2 0.028125 0.0375
19 0.44296875 0.209375 0.03125 0.0375
19 0.13203125 0.5859375 0.0296875 0.0375
19 0.1921875 0.5953125 0.0296875 0.0390625
19 0.25390625 0.6046875 0.0296875 0.0390625
19 0.31484375 0.61171875 0.028125 0.0390625
19 0.37734375 0.62265625 0.03125 0.0421875
19 0.4390625 0.634375 0.0296875 0.0375
19 0.50078125 0.6421875 0.03125 0.0375
19 0.5625 0.65234375 0.028125 0.0375
19 0.625 0.6625 0.0296875 0.0375
19 0.68671875 0.671875 0.028125 0.0390625
19 0.746875 0.68125 0.0296875 0.0375
19 0.80859375 0.69140625 0.0234375 0.0375
19 0.8703125 0.70078125 0.028125 0.0390625
19 0.93046875 0.71015625 0.028125 0.0390625