19 0.221875 0.3375 0.034375 0.0234375
19 0.221875 0.3984375 0.034375 0.0265625
19 0.6421875 0.15 0.034375 0.025
19 0.6421875 0.2109375 0.0359375 0.025
19 0.6421875 0.2734375 0.0359375 0.025
19 0.6390625 0.334375 0.0359375 0.0234375
19 0.640625 0.3984375 0.0390625 0.025
19 0.6421875 0.4609375 0.034375 0.025
19 0.640625 0.5234375 0.034375 0.0265625
19 0.640625 0.5859375 0.034375 0.0234375
19 0.640625 0.6484375 0.034375 0.025
19 0.640625 0.7109375 0.0359375 0.0234375
19 0.640625 0.771875 0.034375 0.025
19 0.640625 0.834375 0.034375 0.01875
19 0.640625 0.896875 0.0359375 0.0234375
19 0.640625 0.9578125 0.0359375 0.0234375