3 0.8046875 0.39765625 0.040625 0.0234375
7 0.7375 0.27265625 0.01875 0.0328125
5 0.73515625 0.40859375 0.025 0.021875
4 0.66484375 0.4203125 0.0078125 0.0109375
4 0.63515625 0.425 0.009375 0.0109375
5 0.4921875 0.3890625 0.0265625 0.0203125
12 0.33046875 0.58046875 0.015625 0.01875
13 0.346875 0.68359375 0.021875 0.0171875
9 0.19453125 0.21171875 0.0390625 0.0234375
9 0.203125 0.2625 0.0375 0.0234375
9 0.209375 0.31484375 0.0390625 0.0234375
15 0.078125 0.225 0.0265625 0.0140625
15 0.08671875 0.27578125 0.025 0.0140625
15 0.09453125 0.3265625 0.028125 0.015625
14 0.02109375 0.2328125 0.0359375 0.0359375
14 0.0296875 0.28515625 0.034375 0.0359375
14 0.0375 0.3359375 0.034375 0.0359375
9 0.165625 0.4546875 0.0234375 0.0375
5 0.1171875 0.50859375 0.0234375 0.01875
9 0.0859375 0.64296875 0.025 0.0375
16 0.5625 0.4359375 0.1046875 0.0703125
6 0.73046875 0.2296875 0.0234375 0.015625
6 0.5453125 0.37734375 0.0140625 0.0234375
6 0.46171875 0.390625 0.0140625 0.0234375
6 0.11015625 0.83359375 0.0234375 0.0140625