9 0.121875 0.1671875 0.0359375 0.0671875
9 0.3828125 0.16875 0.0375 0.065625
9 0.6421875 0.16875 0.0421875 0.0625
9 0.9046875 0.16875 0.0390625 0.0609375
19 0.115625 0.3515625 0.046875 0.0421875
19 0.378125 0.353125 0.046875 0.0390625
19 0.6375 0.353125 0.0453125 0.0359375
15 0.1171875 0.590625 0.021875 0.053125
15 0.3796875 0.59375 0.0203125 0.0453125
15 0.6390625 0.5921875 0.01875 0.0453125
19 0.9 0.765625 0.0421875 0.0421875
8 0.125 0.4671875 0.0484375 0.0671875
8 0.228125 0.46875 0.04375 0.0578125
8 0.384375 0.46875 0.046875 0.065625
8 0.4921875 0.46875 0.040625 0.0671875
8 0.6453125 0.46875 0.046875 0.0671875
8 0.7515625 0.46875 0.046875 0.0671875