9 0.92109375 0.7765625 0.0453125 0.071875
9 0.6625 0.81171875 0.046875 0.0703125
9 0.40546875 0.84765625 0.05 0.0671875
9 0.1453125 0.884375 0.046875 0.065625
19 0.9015625 0.59375 0.0515625 0.0484375
19 0.64140625 0.628125 0.0515625 0.0453125
19 0.384375 0.66484375 0.05 0.0421875
15 0.86640625 0.35703125 0.0296875 0.05625
15 0.60625 0.390625 0.0265625 0.0484375
15 0.34921875 0.428125 0.025 0.046875
19 0.0671875 0.29296875 0.046875 0.046875
8 0.87578125 0.48046875 0.0578125 0.0734375
8 0.7734375 0.49296875 0.0515625 0.0640625
8 0.61875 0.51484375 0.05625 0.071875
8 0.51171875 0.5296875 0.05 0.071875
8 0.36015625 0.55078125 0.05625 0.0734375
8 0.25546875 0.565625 0.05625 0.0734375