9 0.20859375 0.0890625 0.0703125 0.0421875
9 0.1828125 0.34921875 0.06875 0.04375
9 0.15546875 0.60703125 0.0671875 0.0484375
9 0.128125 0.86796875 0.0640625 0.0453125
19 0.3921875 0.10234375 0.046875 0.0515625
19 0.36640625 0.36328125 0.04375 0.05
19 0.33984375 0.62109375 0.040625 0.0484375
15 0.63046875 0.12890625 0.0546875 0.0265625
15 0.60546875 0.38984375 0.046875 0.025
15 0.57734375 0.64765625 0.046875 0.0234375
19 0.72265625 0.92578125 0.046875 0.046875
8 0.50625 0.1234375 0.071875 0.0546875
8 0.49765625 0.2265625 0.0625 0.05
8 0.48125 0.38203125 0.0703125 0.053125
8 0.46953125 0.4890625 0.0703125 0.046875
8 0.45390625 0.64140625 0.071875 0.053125
8 0.44296875 0.746875 0.071875 0.053125