3 0.3796875 0.14375 0.0171875 0.0421875
7 0.234375 0.1953125 0.034375 0.015625
5 0.378125 0.2203125 0.01875 0.021875
5 0.315625 0.478125 0.0171875 0.025
9 0.33125 0.8390625 0.040625 0.0234375
9 0.0765625 0.79375 0.0234375 0.040625
9 0.13125 0.79375 0.0234375 0.0390625
9 0.1890625 0.79375 0.0234375 0.0390625
15 0.0703125 0.8921875 0.0109375 0.0265625
15 0.128125 0.890625 0.0109375 0.025
15 0.1828125 0.8921875 0.0125 0.025
14 0.0703125 0.9546875 0.034375 0.0359375
14 0.1265625 0.9546875 0.0328125 0.0328125
14 0.1828125 0.9546875 0.0328125 0.0328125
5 0.3796875 0.9 0.015625 0.021875
9 0.4796875 0.9546875 0.040625 0.021875
12 0.5046875 0.68125 0.01875 0.0109375
13 0.61875 0.6828125 0.0140625 0.021875
16 0.3796875 0.4109375 0.0609375 0.1046875