19 0.2234375 0.84140625 0.0375 0.0484375
19 0.3140625 0.83828125 0.0359375 0.05
19 0.403125 0.83359375 0.0375 0.0484375
19 0.2 0.359375 0.0375 0.05
19 0.290625 0.353125 0.0359375 0.05
19 0.38125 0.35 0.0390625 0.0484375
19 0.471875 0.3453125 0.0375 0.05
9 0.19921875 0.4390625 0.05 0.0828125
9 0.29140625 0.4328125 0.046875 0.084375
9 0.38046875 0.428125 0.053125 0.0796875
9 0.47265625 0.4265625 0.0453125 0.0796875
9 0.56328125 0.4203125 0.046875 0.0828125
9 0.65 0.4140625 0.05 0.078125
9 0.7421875 0.4109375 0.0484375 0.078125
9 0.2234375 0.92265625 0.0515625 0.0796875
9 0.3140625 0.91796875 0.0484375 0.08125
9 0.4046875 0.91484375 0.046875 0.075
14 0.559375 0.19375 0.0609375 0.059375
14 0.64921875 0.18828125 0.0640625 0.059375
14 0.73984375 0.18359375 0.0609375 0.059375