9 0.0671875 0.60625 0.0265625 0.0375
19 0.090625 0.4640625 0.0265625 0.025
9 0.20234375 0.6296875 0.025 0.0375
19 0.225 0.48671875 0.028125 0.028125
9 0.33671875 0.65390625 0.0265625 0.0375
19 0.35859375 0.51171875 0.0265625 0.0234375
9 0.471875 0.67890625 0.0234375 0.034375
9 0.60703125 0.7015625 0.025 0.0359375
9 0.740625 0.7265625 0.0234375 0.0359375
9 0.875 0.7484375 0.0234375 0.0359375
19 0.4953125 0.534375 0.028125 0.025
19 0.63125 0.5578125 0.028125 0.025
19 0.76484375 0.5828125 0.028125 0.0265625
19 0.896875 0.6046875 0.0296875 0.025
14 0.053125 0.3546875 0.046875 0.04375
14 0.18671875 0.378125 0.046875 0.04375
14 0.321875 0.40234375 0.0484375 0.0453125
14 0.4578125 0.42421875 0.0484375 0.0421875
14 0.59140625 0.44765625 0.046875 0.0421875
14 0.72734375 0.471875 0.0484375 0.04375
14 0.8609375 0.4953125 0.046875 0.04375
8 0.078125 0.55078125 0.028125 0.0359375
8 0.2125 0.5734375 0.028125 0.034375
8 0.34765625 0.596875 0.028125 0.0359375
8 0.48359375 0.62109375 0.028125 0.0359375
8 0.6203125 0.6453125 0.028125 0.0375
8 0.75390625 0.6703125 0.03125 0.0375
8 0.88828125 0.6921875 0.0296875 0.0359375