19 0.1734375 0.20625 0.046875 0.034375
19 0.171875 0.296875 0.0484375 0.0328125
19 0.171875 0.3859375 0.046875 0.034375
19 0.65625 0.2078125 0.0484375 0.034375
19 0.6578125 0.2984375 0.0484375 0.0328125
19 0.65625 0.3890625 0.046875 0.0359375
19 0.65625 0.4796875 0.0484375 0.034375
9 0.5765625 0.203125 0.08125 0.0453125
9 0.578125 0.2953125 0.0828125 0.0421875
9 0.578125 0.384375 0.0765625 0.0484375
9 0.575 0.4765625 0.078125 0.040625
9 0.5765625 0.5671875 0.08125 0.0421875
9 0.578125 0.6546875 0.0765625 0.0453125
9 0.5765625 0.746875 0.0765625 0.04375
9 0.0921875 0.2015625 0.0765625 0.046875
9 0.0921875 0.2921875 0.0796875 0.04375
9 0.090625 0.3828125 0.0734375 0.04375
14 0.803125 0.575 0.05625 0.0578125
14 0.803125 0.665625 0.05625 0.0609375
14 0.803125 0.75625 0.05625 0.0578125