9 0.30625 0.0984375 0.034375 0.021875
19 0.45 0.0921875 0.0234375 0.0234375
9 0.3109375 0.2359375 0.034375 0.0203125
19 0.45625 0.228125 0.025 0.0265625
9 0.315625 0.371875 0.034375 0.021875
19 0.459375 0.3640625 0.021875 0.0234375
9 0.31875 0.509375 0.03125 0.0203125
9 0.325 0.646875 0.0328125 0.021875
9 0.328125 0.7828125 0.0328125 0.0203125
9 0.33515625 0.91875 0.0328125 0.0203125
19 0.465625 0.503125 0.021875 0.025
19 0.4703125 0.63984375 0.021875 0.025
19 0.4734375 0.77578125 0.0234375 0.025
19 0.4796875 0.91015625 0.021875 0.0265625
14 0.54921875 0.03203125 0.0390625 0.0421875
14 0.55390625 0.16796875 0.0390625 0.0421875
14 0.55859375 0.30546875 0.040625 0.04375
14 0.565625 0.44296875 0.0375 0.04375
14 0.5703125 0.57890625 0.0375 0.0421875
14 0.575 0.71640625 0.0390625 0.04375
14 0.5796875 0.85234375 0.0390625 0.0421875
8 0.3625 0.0984375 0.034375 0.025
8 0.36875 0.234375 0.0328125 0.025
8 0.3734375 0.371875 0.034375 0.025
8 0.378125 0.50859375 0.034375 0.025
8 0.38359375 0.64765625 0.034375 0.0234375
8 0.38671875 0.78359375 0.0359375 0.0265625
8 0.39296875 0.91953125 0.034375 0.0265625