3 0.15078125 0.3609375 0.04375 0.01875
7 0.209375 0.21875 0.0171875 0.034375
5 0.22734375 0.36328125 0.0234375 0.0203125
5 0.4875 0.31484375 0.0265625 0.01875
9 0.84765625 0.34921875 0.025 0.0421875
9 0.815625 0.0921875 0.0421875 0.025
9 0.8125 0.146875 0.040625 0.025
9 0.809375 0.2046875 0.040625 0.025
15 0.9140625 0.09140625 0.0265625 0.0125
15 0.909375 0.14921875 0.025 0.0125
15 0.90859375 0.20390625 0.025 0.0140625
14 0.9765625 0.09453125 0.0375 0.0359375
14 0.9734375 0.15078125 0.034375 0.034375
14 0.9703125 0.20703125 0.034375 0.034375
5 0.90546875 0.40078125 0.0234375 0.0171875
9 0.95546875 0.503125 0.0234375 0.0421875
12 0.68046875 0.5140625 0.0125 0.01875
13 0.6765625 0.628125 0.021875 0.015625
16 0.4171875 0.375 0.1078125 0.065625