3 0.81328125 0.29140625 0.0453125 0.028125
7 0.72578125 0.16484375 0.0234375 0.0375
5 0.73828125 0.31015625 0.0265625 0.0234375
5 0.4734375 0.31640625 0.028125 0.0234375
9 0.12890625 0.425 0.0328125 0.0453125
9 0.10703125 0.1671875 0.0453125 0.0328125
9 0.12109375 0.21953125 0.04375 0.0328125
9 0.1359375 0.27578125 0.04375 0.0328125
15 0.01171875 0.18671875 0.0234375 0.0171875
15 0.0265625 0.2421875 0.0265625 0.0171875
15 0.0390625 0.2953125 0.028125 0.01875
5 0.0828125 0.4875 0.025 0.0203125
9 0.05546875 0.5984375 0.03125 0.0453125
12 0.32578125 0.5515625 0.015625 0.0203125
13 0.35390625 0.66171875 0.025 0.01875
16 0.5546875 0.3609375 0.1171875 0.0859375