9 0.0921875 0.3203125 0.0203125 0.034375
19 0.090625 0.4640625 0.0234375 0.021875
9 0.2296875 0.3203125 0.01875 0.034375
19 0.2265625 0.465625 0.025 0.0234375
9 0.365625 0.3203125 0.0203125 0.034375
19 0.3625 0.4640625 0.0234375 0.0203125
9 0.503125 0.31875 0.01875 0.03125
9 0.640625 0.3203125 0.0203125 0.0328125
9 0.7765625 0.31875 0.01875 0.0328125
9 0.9125 0.3203125 0.01875 0.0328125
19 0.5015625 0.465625 0.025 0.0203125
19 0.6390625 0.465625 0.025 0.0203125
19 0.775 0.4640625 0.025 0.021875
19 0.909375 0.465625 0.0265625 0.0203125
14 0.034375 0.565625 0.040625 0.0375
14 0.1703125 0.565625 0.040625 0.0375
14 0.3078125 0.565625 0.0421875 0.0390625
14 0.4453125 0.5671875 0.0421875 0.0359375
14 0.58125 0.5671875 0.040625 0.0359375
14 0.71875 0.5671875 0.0421875 0.0375
14 0.8546875 0.5671875 0.040625 0.0375
8 0.09375 0.3765625 0.0234375 0.0328125
8 0.2296875 0.378125 0.0234375 0.03125
8 0.3671875 0.378125 0.0234375 0.0328125
8 0.5046875 0.378125 0.0234375 0.0328125
8 0.64375 0.378125 0.021875 0.034375
8 0.7796875 0.3765625 0.025 0.034375
8 0.915625 0.378125 0.025 0.0328125