19 0.86796875 0.7390625 0.0453125 0.0546875
19 0.78125 0.7640625 0.04375 0.0546875
19 0.6953125 0.7875 0.0453125 0.0546875
19 0.74140625 0.2734375 0.0453125 0.05625
19 0.65390625 0.2953125 0.04375 0.0546875
19 0.56640625 0.3203125 0.046875 0.0546875
19 0.47890625 0.34375 0.0453125 0.05625
9 0.7671875 0.34921875 0.0640625 0.090625
9 0.67734375 0.371875 0.0625 0.090625
9 0.59140625 0.39453125 0.0671875 0.0859375
9 0.503125 0.421875 0.059375 0.0859375
9 0.415625 0.44375 0.0625 0.0890625
9 0.33046875 0.46484375 0.0640625 0.0859375
9 0.24140625 0.48984375 0.0625 0.0859375
9 0.89375 0.81640625 0.065625 0.0859375
9 0.80625 0.83984375 0.0625 0.0890625
9 0.71953125 0.86484375 0.0609375 0.0828125
14 0.34921875 0.2265625 0.0703125 0.06875
14 0.26171875 0.25 0.0734375 0.0703125
14 0.17421875 0.2734375 0.0703125 0.06875