3 0.3828125 0.1015625 0.0171875 0.0421875
7 0.23125 0.1546875 0.0359375 0.0171875
5 0.3828125 0.1796875 0.01875 0.025
4 0.3828125 0.2609375 0.009375 0.009375
4 0.3828125 0.296875 0.0109375 0.009375
12 0.484375 0.6625 0.01875 0.0125
13 0.603125 0.6609375 0.0171875 0.0234375
9 0.334375 0.8265625 0.0390625 0.021875
9 0.115625 0.7484375 0.0203125 0.040625
9 0.175 0.75 0.021875 0.040625
15 0.0515625 0.88125 0.0125 0.0265625
15 0.1109375 0.88125 0.0109375 0.025
15 0.16875 0.88125 0.0125 0.025
14 0.0515625 0.9453125 0.034375 0.0328125
14 0.109375 0.9453125 0.0359375 0.034375
14 0.16875 0.946875 0.0375 0.034375
5 0.3828125 0.890625 0.015625 0.021875
9 0.4875 0.9453125 0.0390625 0.0234375
16 0.3828125 0.3796875 0.0609375 0.109375
9 0.0578125 0.75 0.0234375 0.0390625
6 0.18125 0.1546875 0.0125 0.025
6 0.3125 0.3890625 0.025 0.0109375
6 0.3125 0.4828125 0.025 0.0125
6 0.6984375 0.953125 0.0125 0.025