3 0.5171875 0.08515625 0.0265625 0.0453125
7 0.67734375 0.1 0.0390625 0.025
5 0.5359375 0.1609375 0.025 0.028125
4 0.55625 0.23984375 0.0109375 0.0109375
4 0.56484375 0.27421875 0.0125 0.0125
12 0.5546875 0.65390625 0.021875 0.0171875
13 0.4390625 0.68125 0.021875 0.0265625
9 0.73984375 0.7765625 0.04375 0.03125
9 0.9328125 0.6484375 0.0296875 0.04375
9 0.87578125 0.6640625 0.03125 0.0453125
15 0.96953125 0.77578125 0.0171875 0.0265625
15 0.91328125 0.78984375 0.01875 0.0265625
14 0.98203125 0.83671875 0.0359375 0.0421875
14 0.9296875 0.853125 0.0453125 0.0421875
5 0.70859375 0.85078125 0.0203125 0.025
9 0.61953125 0.92890625 0.04375 0.0328125
16 0.584375 0.3546875 0.0859375 0.1203125
9 0.98671875 0.6359375 0.0265625 0.04375
6 0.72578125 0.0875 0.01875 0.0265625
6 0.65546875 0.346875 0.0265625 0.0171875
6 0.678125 0.43828125 0.0265625 0.01875
6 0.4171875 0.98671875 0.01875 0.0265625