9 0.8 0.0953125 0.046875 0.0328125
9 0.76796875 0.2609375 0.046875 0.0328125
9 0.7359375 0.425 0.0484375 0.034375
9 0.70234375 0.58984375 0.0453125 0.03125
9 0.6703125 0.7546875 0.05 0.0375
9 0.6375 0.921875 0.0484375 0.0328125
19 0.62578125 0.0578125 0.03125 0.0328125
19 0.5921875 0.221875 0.0328125 0.0359375
19 0.61953125 0.40078125 0.03125 0.034375
19 0.5859375 0.56484375 0.0328125 0.034375
19 0.4625 0.8828125 0.0296875 0.034375
15 0.46796875 0.37109375 0.028125 0.0171875
15 0.43515625 0.53671875 0.0265625 0.0171875
19 0.29453125 0.6796875 0.03125 0.0328125
14 0.48359375 0.13203125 0.059375 0.059375
14 0.35234375 0.79140625 0.05625 0.059375
8 0.73046875 0.08359375 0.0453125 0.0359375
8 0.6984375 0.24765625 0.04375 0.034375
8 0.5453125 0.390625 0.0453125 0.0359375
8 0.53203125 0.45703125 0.0453125 0.0359375
8 0.51328125 0.55546875 0.0453125 0.0375
8 0.5 0.62109375 0.046875 0.0359375
8 0.56875 0.9078125 0.0484375 0.0390625