9 0.0453125 0.2828125 0.025 0.0421875
9 0.2140625 0.2828125 0.025 0.0421875
9 0.38125 0.2828125 0.0265625 0.04375
9 0.55 0.284375 0.0234375 0.0421875
9 0.7171875 0.284375 0.0296875 0.0453125
9 0.8875 0.284375 0.025 0.04375
19 0.0421875 0.4609375 0.028125 0.0265625
19 0.209375 0.4625 0.03125 0.0265625
19 0.3796875 0.4015625 0.0296875 0.0265625
19 0.546875 0.403125 0.0296875 0.028125
19 0.8828125 0.4640625 0.0296875 0.025
15 0.3796875 0.55625 0.0125 0.0265625
15 0.5484375 0.55625 0.0125 0.025
19 0.715625 0.6671875 0.028125 0.0265625
14 0.1421875 0.5859375 0.0515625 0.05
14 0.8140625 0.5890625 0.0515625 0.046875
8 0.046875 0.353125 0.028125 0.040625
8 0.2140625 0.353125 0.028125 0.0390625
8 0.384375 0.4765625 0.028125 0.040625
8 0.4515625 0.4765625 0.028125 0.040625
8 0.5515625 0.4765625 0.0296875 0.040625
8 0.61875 0.4765625 0.028125 0.0421875
8 0.8875 0.3546875 0.03125 0.04375