9 0.234375 0.4328125 0.0171875 0.021875
9 0.1234375 0.5078125 0.0171875 0.025
9 0.1859375 0.5078125 0.0171875 0.0234375
9 0.246875 0.5078125 0.015625 0.025
9 0.4625 0.4359375 0.0171875 0.025
9 0.3765625 0.521875 0.0171875 0.025
9 0.4390625 0.521875 0.0171875 0.025
9 0.5 0.521875 0.0171875 0.0265625
9 0.659375 0.578125 0.0171875 0.025
9 0.734375 0.578125 0.0171875 0.025
9 0.8078125 0.5796875 0.0171875 0.0265625
9 0.8828125 0.578125 0.0171875 0.025
9 0.8453125 0.5 0.0171875 0.0265625
6 0.2609375 0.36875 0.0171875 0.0078125
6 0.428125 0.3828125 0.0171875 0.0078125
6 0.865625 0.4453125 0.0171875 0.0078125