9 0.4515625 0.23046875 0.0234375 0.01875
9 0.534375 0.125 0.0265625 0.01875
9 0.5296875 0.1875 0.025 0.01875
9 0.52578125 0.24765625 0.0265625 0.0171875
9 0.4390625 0.4578125 0.0265625 0.01875
9 0.53046875 0.378125 0.0265625 0.01875
9 0.52578125 0.440625 0.0265625 0.01875
9 0.521875 0.5015625 0.028125 0.01875
9 0.5671875 0.6640625 0.0265625 0.01875
9 0.56171875 0.7390625 0.0265625 0.01875
9 0.5578125 0.8125 0.028125 0.01875
9 0.5515625 0.8875 0.0265625 0.01875
9 0.47578125 0.84453125 0.028125 0.01875
6 0.3859375 0.25234375 0.009375 0.0171875
6 0.38828125 0.4203125 0.009375 0.0171875
6 0.4203125 0.8609375 0.009375 0.0171875