9 0.49921875 0.77421875 0.025 0.021875
9 0.5984375 0.86328125 0.028125 0.0234375
9 0.58359375 0.803125 0.0265625 0.021875
9 0.56875 0.74375 0.028125 0.021875
9 0.446875 0.5515625 0.028125 0.0234375
9 0.55078125 0.61484375 0.028125 0.0234375
9 0.5359375 0.55390625 0.028125 0.0234375
9 0.52109375 0.49453125 0.0296875 0.0234375
9 0.5375 0.3265625 0.028125 0.0234375
9 0.51875 0.25390625 0.028125 0.0234375
9 0.503125 0.18203125 0.0296875 0.0234375
9 0.4828125 0.109375 0.028125 0.0234375
9 0.41640625 0.16484375 0.0296875 0.0234375
6 0.43046875 0.7640625 0.0125 0.01875
6 0.40390625 0.5984375 0.0125 0.01875
6 0.35859375 0.15859375 0.0125 0.01875