4 0.61875 0.62421875 0.00625 0.0078125
4 0.49140625 0.75859375 0.009375 0.0078125
20 0.47890625 0.8234375 0.0109375 0.0234375
12 0.4484375 0.53828125 0.0078125 0.015625
13 0.45390625 0.5140625 0.0140625 0.0171875
7 0.41015625 0.66796875 0.0171875 0.0109375
3 0.39609375 0.5765625 0.025 0.01875
5 0.3390625 0.56484375 0.015625 0.0140625
0 0.375 0.35078125 0.0171875 0.0203125
17 0.38359375 0.3109375 0.0171875 0.021875
18 0.49609375 0.3140625 0.009375 0.009375
17 0.49921875 0.3015625 0.0171875 0.0203125
9 0.5140625 0.25234375 0.015625 0.025
9 0.48984375 0.2453125 0.015625 0.0265625
6 0.40390625 0.88984375 0.0078125 0.0125
6 0.39609375 0.66484375 0.00625 0.009375