4 0.35 0.584375 0.0046875 0.00625
4 0.4328125 0.75 0.0078125 0.00625
20 0.425 0.81484375 0.0078125 0.021875
12 0.5375 0.5515625 0.00625 0.015625
13 0.53984375 0.52734375 0.0125 0.0171875
7 0.53671875 0.68671875 0.015625 0.009375
3 0.57734375 0.60390625 0.0234375 0.015625
5 0.634375 0.609375 0.015625 0.0125
0 0.66328125 0.39375 0.015625 0.01875
17 0.66640625 0.353125 0.015625 0.0203125
18 0.5578125 0.3234375 0.0078125 0.0078125
17 0.55859375 0.3109375 0.015625 0.01875
9 0.55859375 0.25859375 0.0125 0.025
9 0.58359375 0.259375 0.0125 0.0265625
6 0.47734375 0.90078125 0.00625 0.0125
6 0.55078125 0.68828125 0.00625 0.009375