4 0.403125 0.3578125 0.00625 0.0046875
4 0.2453125 0.4546875 0.00625 0.0078125
20 0.1796875 0.453125 0.021875 0.00625
12 0.4515625 0.5421875 0.015625 0.0046875
13 0.4765625 0.5421875 0.015625 0.0109375
7 0.3171875 0.553125 0.0078125 0.015625
3 0.403125 0.5859375 0.0140625 0.021875
5 0.403125 0.64375 0.0109375 0.0140625
0 0.6203125 0.653125 0.0171875 0.0140625
17 0.6609375 0.653125 0.01875 0.0140625
18 0.68125 0.5421875 0.0078125 0.0078125
17 0.69375 0.5421875 0.0171875 0.0140625
9 0.7453125 0.5375 0.0234375 0.0109375
9 0.746875 0.5625 0.025 0.0109375
6 0.0984375 0.5125 0.0125 0.0046875
6 0.3171875 0.5671875 0.009375 0.0046875