20 0.421875 0.121875 0.0375 0.04375
20 0.3109375 0.225 0.0359375 0.04375
7 0.3 0.2984375 0.0265625 0.04375
5 0.4109375 0.2859375 0.034375 0.040625
0 0.6625 0.2859375 0.034375 0.034375
3 0.4125 0.3734375 0.0515625 0.084375
10 0.409375 0.46875 0.078125 0.0421875
11 0.484375 0.525 0.0453125 0.03125
13 0.59375 0.5375 0.0421875 0.0296875
17 0.63125 0.5765625 0.0375 0.034375
11 0.2203125 0.6796875 0.03125 0.0453125
11 0.4171875 0.6796875 0.0328125 0.0453125
11 0.5984375 0.6796875 0.03125 0.0453125
6 0.3 0.3671875 0.0296875 0.0171875