20 0.878125 0.578125 0.04375 0.0375
20 0.775 0.6890625 0.04375 0.0359375
7 0.7015625 0.7 0.04375 0.0265625
5 0.7140625 0.5890625 0.040625 0.034375
0 0.7140625 0.3375 0.034375 0.034375
3 0.6265625 0.5875 0.084375 0.0515625
10 0.53125 0.590625 0.0421875 0.078125
11 0.475 0.515625 0.03125 0.0453125
13 0.4625 0.40625 0.0296875 0.0421875
17 0.4234375 0.36875 0.034375 0.0375
11 0.3203125 0.7796875 0.0453125 0.03125
11 0.3203125 0.5828125 0.0453125 0.0328125
11 0.3203125 0.4015625 0.0453125 0.03125
6 0.6328125 0.7 0.0171875 0.0296875