20 0.921875 0.4609375 0.05 0.040625
20 0.82890625 0.5890625 0.05 0.040625
11 0.81328125 0.47578125 0.05 0.0375
7 0.7515625 0.6109375 0.05 0.034375
10 0.73984375 0.49375 0.0515625 0.0859375
11 0.67109375 0.42109375 0.040625 0.05
13 0.6453125 0.3109375 0.0375 0.046875
17 0.6015625 0.2765625 0.040625 0.0453125
3 0.53984375 0.5140625 0.0953125 0.06875
5 0.459375 0.52578125 0.0453125 0.0421875
0 0.42734375 0.25703125 0.0421875 0.040625
11 0.3609375 0.7421875 0.0515625 0.040625
11 0.3375 0.5328125 0.053125 0.040625
11 0.3125 0.34375 0.0515625 0.040625
6 0.6796875 0.61796875 0.025 0.0359375