20 0.9234375 0.50234375 0.046875 0.0375
20 0.81953125 0.3828125 0.046875 0.0375
11 0.8140625 0.496875 0.0484375 0.034375
7 0.740625 0.36796875 0.0484375 0.0296875
10 0.73984375 0.48515625 0.0453125 0.0828125
11 0.67734375 0.5640625 0.0375 0.046875
13 0.6609375 0.67578125 0.034375 0.0453125
17 0.62109375 0.7140625 0.0375 0.0421875
3 0.53828125 0.4828125 0.090625 0.0609375
5 0.45703125 0.478125 0.0421875 0.0390625
0 0.44921875 0.7484375 0.0390625 0.0375
11 0.340625 0.27109375 0.05 0.0359375
11 0.33515625 0.48203125 0.0515625 0.0359375
11 0.3265625 0.671875 0.05 0.0359375
6 0.66875 0.36640625 0.0234375 0.0328125