20 0.4875 0.0765625 0.0359375 0.0453125
20 0.371875 0.184375 0.0359375 0.0453125
11 0.4859375 0.1859375 0.0328125 0.046875
7 0.359375 0.2640625 0.028125 0.046875
10 0.4765625 0.2609375 0.08125 0.0421875
11 0.5578125 0.3203125 0.0453125 0.0359375
13 0.6703125 0.3328125 0.04375 0.0328125
17 0.709375 0.371875 0.040625 0.0359375
3 0.48125 0.4625 0.0578125 0.0890625
5 0.4796875 0.54375 0.0375 0.040625
0 0.75 0.5421875 0.0359375 0.0375
11 0.2765625 0.6671875 0.034375 0.0484375
11 0.4875 0.665625 0.034375 0.05
11 0.678125 0.6671875 0.034375 0.0484375
6 0.3609375 0.3359375 0.0328125 0.021875