4 0.95546875 0.44609375 0.015625 0.01875
12 0.784375 0.4453125 0.0171875 0.0234375
13 0.76796875 0.3796875 0.0296875 0.0421875
12 0.75703125 0.3375 0.01875 0.0234375
3 0.73046875 0.50234375 0.04375 0.028125
5 0.65625 0.51875 0.01875 0.01875
4 0.51328125 0.48203125 0.0203125 0.0140625
20 0.38359375 0.58046875 0.0421875 0.03125
3 0.30625 0.6078125 0.040625 0.028125
7 0.2890625 0.7328125 0.0203125 0.0296875
5 0.209375 0.63203125 0.0203125 0.01875
4 0.1546875 0.6453125 0.0109375 0.0171875
19 0.12890625 0.65234375 0.028125 0.025
6 0.62265625 0.4953125 0.0203125 0.0203125
6 0.28828125 0.80703125 0.0234375 0.025
6 0.17421875 0.60703125 0.021875 0.021875