4 0.4421875 0.0453125 0.015625 0.0125
12 0.484375 0.2109375 0.0203125 0.0125
13 0.5515625 0.2109375 0.0390625 0.0203125
12 0.5953125 0.2109375 0.0203125 0.0140625
3 0.4421875 0.2765625 0.01875 0.040625
5 0.44375 0.353125 0.015625 0.015625
4 0.5140625 0.4828125 0.009375 0.01875
20 0.45 0.6328125 0.0234375 0.0375
3 0.4421875 0.7140625 0.0203125 0.0375
7 0.325 0.7609375 0.0265625 0.0140625
5 0.4421875 0.8140625 0.015625 0.0171875
4 0.4421875 0.8703125 0.015625 0.0078125
19 0.4421875 0.896875 0.01875 0.025
6 0.475 0.3796875 0.0171875 0.0171875
6 0.253125 0.7796875 0.021875 0.01875
6 0.475 0.8421875 0.01875 0.0171875