4 0.95859375 0.50234375 0.0140625 0.0171875
12 0.7890625 0.48046875 0.015625 0.021875
13 0.78046875 0.41328125 0.025 0.040625
12 0.775 0.3703125 0.0171875 0.021875
3 0.72890625 0.53046875 0.0421875 0.0234375
5 0.65234375 0.53828125 0.0171875 0.0171875
4 0.515625 0.48359375 0.0203125 0.0109375
20 0.37421875 0.565625 0.040625 0.028125
3 0.29453125 0.58359375 0.0390625 0.025
7 0.2625 0.70546875 0.0171875 0.028125
5 0.1953125 0.5953125 0.01875 0.0171875
4 0.13984375 0.60234375 0.009375 0.0171875
19 0.11328125 0.60546875 0.0265625 0.021875
6 0.62265625 0.51015625 0.01875 0.01875
6 0.25234375 0.77890625 0.021875 0.0234375
6 0.16328125 0.56640625 0.01875 0.0203125