3 0.77890625 0.2734375 0.034375 0.0203125
7 0.7265625 0.1796875 0.015625 0.025
5 0.709375 0.28203125 0.015625 0.0140625
4 0.6765625 0.2859375 0.0109375 0.0171875
19 0.6546875 0.2875 0.028125 0.021875
4 0.59140625 0.2953125 0.009375 0.015625
9 0.3359375 0.24296875 0.0234375 0.0359375
12 0.34609375 0.36015625 0.0125 0.01875
13 0.353125 0.4171875 0.021875 0.034375
12 0.3578125 0.45625 0.0140625 0.01875
1 0.28046875 0.33984375 0.0375 0.0265625
14 0.2625 0.1921875 0.0328125 0.0328125
5 0.14453125 0.35 0.015625 0.0140625
3 0.83671875 0.740625 0.0328125 0.01875
7 0.7828125 0.64765625 0.0140625 0.0234375
5 0.76640625 0.74921875 0.0171875 0.015625
19 0.7125 0.75546875 0.028125 0.0203125
4 0.6859375 0.75859375 0.009375 0.0140625
9 0.2171875 0.37890625 0.0203125 0.0328125
6 0.70390625 0.11953125 0.015625 0.01875
6 0.7578125 0.58828125 0.015625 0.0171875
6 0.49140625 0.1359375 0.015625 0.0171875
6 0.47421875 0.22421875 0.0171875 0.0203125
6 0.528125 0.9375 0.015625 0.01875