3 0.8140625 0.32578125 0.034375 0.01875
7 0.77890625 0.2234375 0.0140625 0.0234375
5 0.74375 0.321875 0.0140625 0.0125
4 0.7109375 0.3203125 0.0109375 0.015625
19 0.68984375 0.3171875 0.028125 0.0203125
4 0.62578125 0.3140625 0.0078125 0.0140625
9 0.38359375 0.21875 0.0203125 0.0359375
12 0.37265625 0.33515625 0.0125 0.0171875
13 0.36953125 0.39296875 0.0203125 0.034375
12 0.3671875 0.43203125 0.0140625 0.0171875
1 0.31171875 0.30390625 0.0359375 0.0234375
14 0.31953125 0.15546875 0.03125 0.03125
5 0.17578125 0.290625 0.0140625 0.0125
3 0.78984375 0.7953125 0.03125 0.0171875
7 0.75234375 0.69453125 0.0125 0.021875
5 0.71953125 0.79140625 0.015625 0.015625
19 0.66484375 0.7890625 0.028125 0.01875
4 0.63828125 0.7875 0.0078125 0.0125
9 0.24296875 0.33125 0.01875 0.0328125
6 0.76640625 0.16015625 0.015625 0.0171875
6 0.7390625 0.63125 0.015625 0.015625
6 0.5546875 0.13984375 0.015625 0.015625
6 0.52265625 0.22421875 0.0171875 0.0203125
6 0.45234375 0.9359375 0.015625 0.0171875