3 0.309375 0.1953125 0.0171875 0.0328125
7 0.209375 0.2359375 0.0234375 0.0125
5 0.309375 0.265625 0.0125 0.0140625
4 0.309375 0.2984375 0.015625 0.009375
19 0.3078125 0.3203125 0.01875 0.0265625
4 0.3078125 0.384375 0.0140625 0.0078125
9 0.225 0.63125 0.034375 0.01875
12 0.3421875 0.6359375 0.0171875 0.0109375
13 0.4 0.6359375 0.0328125 0.01875
12 0.4390625 0.6359375 0.0171875 0.0125
1 0.3140625 0.6984375 0.021875 0.034375
14 0.165625 0.6984375 0.0296875 0.0296875
5 0.3078125 0.834375 0.0125 0.0140625
3 0.7796875 0.1953125 0.015625 0.03125
7 0.68125 0.2375 0.021875 0.0109375
5 0.7796875 0.265625 0.0140625 0.015625
19 0.7796875 0.3203125 0.0171875 0.0265625
4 0.7796875 0.346875 0.0125 0.0078125
9 0.3453125 0.765625 0.03125 0.0171875
6 0.146875 0.2515625 0.0171875 0.0140625
6 0.61875 0.2546875 0.015625 0.0140625
6 0.1375 0.4640625 0.015625 0.0140625
6 0.2234375 0.4921875 0.01875 0.015625
6 0.9375 0.525 0.0171875 0.0140625