3 0.94453125 0.50546875 0.0484375 0.034375
5 0.859375 0.496875 0.025 0.0328125
7 0.78671875 0.628125 0.025 0.046875
5 0.5984375 0.375 0.0234375 0.028125
13 0.359375 0.5421875 0.0296875 0.065625
12 0.36796875 0.47265625 0.0203125 0.025
14 0.28671875 0.1875 0.0328125 0.0328125
14 0.2796875 0.24140625 0.0328125 0.0328125
14 0.27265625 0.29765625 0.0328125 0.0328125
5 0.16328125 0.41171875 0.0265625 0.0359375
9 0.0890625 0.3203125 0.0328125 0.04375
9 0.3890625 0.36484375 0.03125 0.0453125
6 0.82734375 0.51640625 0.015625 0.0203125
6 0.778125 0.68046875 0.01875 0.015625
6 0.6015625 0.328125 0.0203125 0.0171875
6 0.1109375 0.09296875 0.028125 0.0234375
6 0.13359375 0.434375 0.015625 0.0203125