3 0.4515625 0.0578125 0.0296875 0.0453125
5 0.453125 0.14375 0.0296875 0.021875
7 0.5921875 0.2 0.0453125 0.0203125
5 0.3640625 0.4171875 0.0265625 0.0203125
13 0.559375 0.634375 0.0640625 0.021875
12 0.4890625 0.634375 0.0234375 0.0171875
14 0.215625 0.75 0.0296875 0.0296875
14 0.2703125 0.75 0.0296875 0.0296875
14 0.3265625 0.75 0.0296875 0.0296875
5 0.453125 0.8453125 0.0328125 0.0234375
9 0.371875 0.9296875 0.040625 0.028125
9 0.3796875 0.6265625 0.0421875 0.0265625
6 0.4765625 0.1734375 0.01875 0.0140625
6 0.6453125 0.2015625 0.0140625 0.0171875
6 0.3171875 0.4203125 0.015625 0.01875
6 0.14375 0.9359375 0.0203125 0.0265625
6 0.4796875 0.871875 0.01875 0.0140625