3 0.0625 0.57890625 0.046875 0.0328125
5 0.14765625 0.571875 0.0234375 0.03125
7 0.19453125 0.42890625 0.0234375 0.046875
5 0.4265625 0.64140625 0.021875 0.028125
13 0.6296875 0.43125 0.0265625 0.065625
12 0.63515625 0.5015625 0.01875 0.025
14 0.76953125 0.76640625 0.03125 0.03125
14 0.765625 0.71171875 0.03125 0.03125
14 0.76171875 0.65546875 0.03125 0.03125
5 0.84765625 0.52265625 0.025 0.034375
9 0.9375 0.59765625 0.03125 0.0421875
9 0.634375 0.6109375 0.0296875 0.04375
6 0.17578125 0.54609375 0.015625 0.0203125
6 0.1921875 0.37578125 0.01875 0.015625
6 0.43359375 0.68828125 0.0203125 0.0171875
6 0.959375 0.825 0.028125 0.021875
6 0.87265625 0.49453125 0.015625 0.0203125