3 0.06484375 0.453125 0.0484375 0.034375
5 0.1546875 0.465625 0.025 0.034375
7 0.2265625 0.33125 0.0265625 0.05
5 0.4171875 0.5875 0.028125 0.0296875
9 0.628125 0.59921875 0.0296875 0.0390625
14 0.73203125 0.77734375 0.034375 0.034375
14 0.7390625 0.72109375 0.0328125 0.0328125
14 0.7453125 0.6671875 0.034375 0.0328125
12 0.64921875 0.48671875 0.0203125 0.0234375
13 0.65859375 0.415625 0.0296875 0.065625
5 0.85703125 0.5515625 0.0265625 0.034375
9 0.97265625 0.4828125 0.0296875 0.0390625
6 0.2328125 0.2796875 0.0203125 0.0140625
6 0.1859375 0.44375 0.015625 0.0203125
6 0.4140625 0.6359375 0.021875 0.0171875
6 0.88828125 0.52734375 0.01875 0.021875
6 0.99609375 0.2515625 0.0078125 0.01875