3 0.49375 0.0625 0.0296875 0.0453125
5 0.4921875 0.153125 0.03125 0.021875
7 0.634375 0.2078125 0.0484375 0.0203125
5 0.403125 0.428125 0.0265625 0.025
9 0.4171875 0.6390625 0.0359375 0.025
14 0.253125 0.7640625 0.03125 0.03125
14 0.309375 0.7640625 0.0296875 0.0296875
14 0.3640625 0.7640625 0.0296875 0.03125
12 0.53125 0.646875 0.021875 0.0171875
13 0.603125 0.646875 0.0640625 0.021875
5 0.4921875 0.8609375 0.03125 0.0234375
9 0.575 0.9671875 0.0359375 0.025
6 0.6859375 0.2078125 0.0125 0.01875
6 0.5171875 0.18125 0.01875 0.0140625
6 0.3546875 0.43125 0.0140625 0.0203125
6 0.5203125 0.8890625 0.0203125 0.015625
6 0.8078125 0.975 0.015625 0.0296875