3 0.92734375 0.4078125 0.0515625 0.0390625
5 0.83984375 0.4296875 0.028125 0.0359375
7 0.7546875 0.303125 0.03125 0.0515625
5 0.5921875 0.578125 0.0296875 0.03125
9 0.3828125 0.61171875 0.0328125 0.040625
14 0.2984375 0.8 0.0375 0.0375
14 0.2859375 0.7453125 0.0359375 0.0359375
14 0.2734375 0.6921875 0.0375 0.0359375
12 0.35 0.50234375 0.021875 0.025
13 0.33359375 0.4328125 0.0359375 0.0671875
5 0.15 0.5890625 0.0296875 0.0359375
9 0.028125 0.53203125 0.0328125 0.040625
6 0.74296875 0.253125 0.0203125 0.015625
6 0.80703125 0.41171875 0.0171875 0.021875
6 0.6 0.62578125 0.0234375 0.01875
6 0.11640625 0.56796875 0.0203125 0.0234375