9 0.4796875 0.0859375 0.025 0.0375
9 0.3578125 0.346875 0.01875 0.0265625
14 0.3515625 0.4046875 0.0390625 0.040625
12 0.51875 0.3140625 0.0171875 0.0109375
13 0.5625 0.3140625 0.046875 0.015625
18 0.665625 0.3140625 0.0109375 0.0109375
17 0.684375 0.3140625 0.0234375 0.0234375
9 0.48125 0.3828125 0.0234375 0.0359375
5 0.471875 0.4375 0.0234375 0.01875
2 0.66875 0.4296875 0.0078125 0.009375
0 0.6859375 0.4296875 0.0234375 0.0234375
9 0.3375 0.5859375 0.0265625 0.01875
9 0.3375 0.6171875 0.025 0.0203125
9 0.3375 0.6515625 0.028125 0.01875
9 0.3390625 0.684375 0.0265625 0.01875
9 0.3375 0.7171875 0.028125 0.01875
9 0.3375 0.7484375 0.0296875 0.01875
9 0.3390625 0.7828125 0.0265625 0.01875
9 0.3390625 0.8140625 0.0265625 0.01875
9 0.3390625 0.8484375 0.0265625 0.0171875
9 0.3390625 0.88125 0.0265625 0.01875
6 0.39375 0.2578125 0.0140625 0.009375
6 0.49375 0.4578125 0.0140625 0.009375