9 0.91015625 0.440625 0.0421875 0.03125
9 0.67734375 0.61015625 0.0296875 0.0234375
14 0.621875 0.62734375 0.046875 0.046875
12 0.67890625 0.44609375 0.0140625 0.01875
13 0.6703125 0.403125 0.025 0.0484375
18 0.65078125 0.3015625 0.0125 0.0125
17 0.64765625 0.28359375 0.028125 0.028125
9 0.61875 0.49609375 0.0390625 0.0296875
5 0.56640625 0.515625 0.0234375 0.0265625
2 0.53671875 0.32109375 0.0109375 0.009375
0 0.53359375 0.30390625 0.028125 0.028125
9 0.446875 0.67578125 0.0234375 0.0296875
9 0.415625 0.68203125 0.025 0.028125
9 0.38203125 0.68828125 0.0234375 0.03125
9 0.35 0.69296875 0.0234375 0.0296875
9 0.31796875 0.70078125 0.0234375 0.03125
9 0.2875 0.70703125 0.0234375 0.0328125
9 0.253125 0.71171875 0.0234375 0.0296875
9 0.22265625 0.71796875 0.0234375 0.0296875
9 0.1890625 0.72421875 0.021875 0.0296875
9 0.15625 0.73046875 0.0234375 0.0296875
6 0.7578125 0.5578125 0.0125 0.015625
6 0.54296875 0.4984375 0.0125 0.015625