9 0.9140625 0.515625 0.0390625 0.028125
9 0.66484375 0.371875 0.028125 0.0203125
14 0.6078125 0.36015625 0.04375 0.0421875
12 0.68359375 0.53515625 0.0125 0.01875
13 0.6796875 0.578125 0.0203125 0.0484375
18 0.67109375 0.68125 0.0125 0.0125
17 0.66953125 0.7 0.025 0.025
9 0.61875 0.49140625 0.0375 0.0265625
5 0.56484375 0.47734375 0.0203125 0.025
2 0.55546875 0.67421875 0.009375 0.009375
0 0.55390625 0.69140625 0.025 0.025
9 0.42890625 0.33046875 0.0203125 0.028125
9 0.39765625 0.328125 0.021875 0.0265625
9 0.36328125 0.325 0.021875 0.0296875
9 0.33046875 0.3234375 0.0203125 0.028125
9 0.29765625 0.31953125 0.021875 0.0296875
9 0.26640625 0.31640625 0.021875 0.03125
9 0.23203125 0.31484375 0.0203125 0.028125
9 0.20078125 0.3125 0.0203125 0.028125
9 0.1671875 0.309375 0.01875 0.028125
9 0.134375 0.30625 0.0203125 0.028125
6 0.75078125 0.415625 0.0109375 0.0140625
6 0.5421875 0.49765625 0.0109375 0.0140625