20 0.3703125 0.0796875 0.0453125 0.06875
20 0.184375 0.2140625 0.046875 0.0671875
11 0.38125 0.2203125 0.0734375 0.11875
10 0.359375 0.340625 0.1328125 0.065625
7 0.171875 0.346875 0.0703125 0.11875
11 0.4921875 0.41875 0.059375 0.0375
13 0.5890625 0.4265625 0.053125 0.059375
3 0.359375 0.509375 0.0609375 0.0890625
5 0.359375 0.653125 0.0640625 0.071875
11 0.1921875 0.7984375 0.0328125 0.065625
11 0.36875 0.79375 0.0328125 0.06875
11 0.60625 0.79375 0.034375 0.0671875
13 0.184375 0.896875 0.0578125 0.0578125
13 0.3640625 0.8921875 0.0625 0.0546875
13 0.5984375 0.8921875 0.059375 0.05
6 0.171875 0.5109375 0.06875 0.0234375