20 0.9015625 0.6796875 0.0734375 0.053125
20 0.7453125 0.8484375 0.071875 0.0546875
11 0.76328125 0.6515625 0.1265625 0.0875
10 0.64140625 0.659375 0.08125 0.1390625
7 0.61171875 0.84453125 0.1265625 0.084375
11 0.5796875 0.51796875 0.04375 0.0640625
13 0.58359375 0.4203125 0.065625 0.059375
3 0.4734375 0.63828125 0.0953125 0.071875
5 0.33125 0.62109375 0.0796875 0.071875
11 0.16640625 0.76953125 0.06875 0.040625
11 0.1921875 0.59453125 0.071875 0.040625
11 0.22109375 0.35859375 0.0703125 0.0421875
13 0.06796875 0.76484375 0.0640625 0.0640625
13 0.09453125 0.5875 0.0625 0.06875
13 0.12265625 0.3546875 0.05625 0.065625
6 0.44921875 0.82421875 0.03125 0.071875