20 0.93671875 0.4453125 0.075 0.05625
20 0.83671875 0.2390625 0.075 0.0578125
11 0.79609375 0.43125 0.1296875 0.0921875
10 0.68125 0.3890625 0.0875 0.1421875
7 0.7078125 0.203125 0.1296875 0.090625
11 0.58125 0.50625 0.046875 0.065625
13 0.55703125 0.60078125 0.0671875 0.0625
3 0.51484375 0.36015625 0.0984375 0.075
5 0.3734375 0.33515625 0.08125 0.075
11 0.259375 0.1453125 0.0703125 0.04375
11 0.23359375 0.31953125 0.0734375 0.04375
11 0.1921875 0.55390625 0.071875 0.0453125
13 0.1640625 0.1203125 0.0671875 0.0671875
13 0.1375 0.29765625 0.0640625 0.0703125
13 0.096875 0.52890625 0.059375 0.0671875
6 0.54609375 0.175 0.034375 0.071875