9 0.32421875 0.3625 0.01875 0.028125
9 0.3625 0.36953125 0.01875 0.028125
9 0.41015625 0.33359375 0.028125 0.01875
9 0.59375 0.21328125 0.0203125 0.0296875
9 0.6109375 0.41171875 0.01875 0.028125
5 0.67265625 0.375 0.0234375 0.015625
9 0.77109375 0.31328125 0.0296875 0.01875
9 0.7609375 0.36953125 0.0296875 0.01875
9 0.75234375 0.41875 0.0296875 0.01875
9 0.7421875 0.47421875 0.0296875 0.01875
9 0.25546875 0.75234375 0.01875 0.028125
9 0.29375 0.75859375 0.01875 0.028125
9 0.34140625 0.72265625 0.028125 0.0171875
9 0.4859375 0.59609375 0.0203125 0.028125
9 0.503125 0.79609375 0.0203125 0.028125
5 0.565625 0.7578125 0.0234375 0.015625
9 0.64140625 0.821875 0.0296875 0.01875
6 0.6875 0.2171875 0.009375 0.0109375
6 0.58046875 0.6015625 0.009375 0.0125