9 0.3953125 0.303125 0.0265625 0.0140625
9 0.3953125 0.3421875 0.0265625 0.0140625
9 0.3515625 0.3828125 0.0140625 0.0265625
9 0.2015625 0.5421875 0.028125 0.015625
9 0.39375 0.59375 0.0265625 0.0140625
5 0.346875 0.6484375 0.0125 0.021875
9 0.26875 0.734375 0.0140625 0.028125
9 0.3265625 0.734375 0.0140625 0.028125
9 0.3765625 0.734375 0.0140625 0.028125
9 0.4328125 0.734375 0.0140625 0.028125
9 0.790625 0.303125 0.0265625 0.0140625
9 0.790625 0.3421875 0.0265625 0.0140625
9 0.746875 0.3828125 0.0125 0.0265625
9 0.596875 0.503125 0.0265625 0.015625
9 0.790625 0.5546875 0.0265625 0.015625
5 0.7421875 0.609375 0.0125 0.021875
9 0.7921875 0.6953125 0.0140625 0.028125
6 0.1890625 0.6359375 0.009375 0.0078125
6 0.5859375 0.596875 0.0109375 0.0078125