9 0.67109375 0.35703125 0.01875 0.028125
9 0.6328125 0.36484375 0.01875 0.028125
9 0.58359375 0.33046875 0.028125 0.01875
9 0.396875 0.2171875 0.021875 0.03125
9 0.3859375 0.415625 0.01875 0.028125
5 0.32265625 0.38125 0.0234375 0.0171875
9 0.22265625 0.32265625 0.0296875 0.0203125
9 0.234375 0.37890625 0.0296875 0.0203125
9 0.2453125 0.428125 0.0296875 0.0203125
9 0.25703125 0.4828125 0.0296875 0.0203125
9 0.753125 0.74296875 0.01875 0.028125
9 0.71484375 0.7515625 0.01875 0.028125
9 0.665625 0.7171875 0.028125 0.0171875
9 0.5171875 0.5953125 0.0203125 0.0296875
9 0.50703125 0.7953125 0.0203125 0.0296875
5 0.44375 0.759375 0.0234375 0.0171875
9 0.36953125 0.8265625 0.0296875 0.0203125
6 0.30234375 0.22421875 0.009375 0.0109375
6 0.4234375 0.60390625 0.009375 0.0125