7 0.271875 0.115625 0.028125 0.0109375
12 0.4953125 0.071875 0.0171875 0.03125
11 0.4953125 0.278125 0.0171875 0.03125
7 0.2953125 0.2859375 0.0109375 0.028125
16 0.490625 0.459375 0.046875 0.0796875
5 0.490625 0.6609375 0.0171875 0.0203125
14 0.33125 0.6671875 0.034375 0.034375
17 0.703125 0.5734375 0.0359375 0.0375
0 0.703125 0.653125 0.0359375 0.0375
6 0.25 0.1140625 0.0078125 0.0171875
6 0.4328125 0.2171875 0.0171875 0.0078125
6 0.2953125 0.3078125 0.0171875 0.0078125
6 0.7609375 0.3734375 0.0171875 0.0078125
6 0.4015625 0.478125 0.0171875 0.0078125
6 0.428125 0.5078125 0.0171875 0.0078125