7 0.18203125 0.8140625 0.0171875 0.0296875
12 0.0859375 0.6078125 0.034375 0.025
11 0.2859375 0.55859375 0.034375 0.025
7 0.3421875 0.75078125 0.0296875 0.0171875
16 0.4625 0.51875 0.0890625 0.0640625
5 0.65859375 0.4703125 0.0234375 0.021875
14 0.703125 0.6234375 0.0421875 0.0421875
17 0.521875 0.28515625 0.0453125 0.04375
0 0.59921875 0.265625 0.0453125 0.04375
6 0.1859375 0.8359375 0.01875 0.0125
6 0.2421875 0.63359375 0.0125 0.01875
6 0.36328125 0.7453125 0.0125 0.01875
6 0.3140625 0.27734375 0.0125 0.01875
6 0.50234375 0.60078125 0.0125 0.01875
6 0.525 0.56796875 0.0125 0.01875