7 0.0875 0.32734375 0.0140625 0.0296875
12 0.075 0.5546875 0.0328125 0.021875
11 0.2796875 0.5265625 0.0328125 0.021875
7 0.259375 0.32734375 0.0296875 0.0140625
16 0.45859375 0.49609375 0.0859375 0.0578125
5 0.6578125 0.46796875 0.021875 0.0203125
14 0.6421875 0.309375 0.0390625 0.0390625
17 0.60078125 0.690625 0.0421875 0.040625
0 0.6796875 0.6796875 0.0421875 0.040625
6 0.0828125 0.30625 0.01875 0.009375
6 0.2109375 0.47265625 0.009375 0.01875
6 0.28125 0.32421875 0.009375 0.01875
6 0.4109375 0.77578125 0.009375 0.01875
6 0.46484375 0.40546875 0.009375 0.01875
6 0.49765625 0.428125 0.009375 0.01875